14265325
32201
1000
1
1
1
1
1
1
1
1
1
1
1
1
1
1
1
1
1
1
1
1
1
1
1
1
1
1
1
1
1
1
1
1
1
1
1
1
1
1
1
1
1
2
2
2
2
2
2
2
2
2
2
2
2
2
2
2
2
2
2
2
2
2
2
2
2
2
2
2
2
2
2
2
2
2
2
2
2
2
2
2
2
2
2
2
2
2
2
2
2
2
2
2
3
3
3
3
3
3
3
3
3
3
3
3
3
3
3
3
3
3
3
3
3
3
3
3
3
3
3
3
3
3
3
3
3
3
4
4
4
4
4
4
4
4
4
4
4
4
4
4
4
4
4
4
4
4
4
4
4
4
4
5
5
5
5
5
5
5
5
5
5
5
5
5
5
5
5
5
5
5
5
6
6
6
6
6
6
6
6
6
6
6
6
6
6
6
6
6
7
7
7
7
7
7
7
7
7
7
7
7
7
7
8
8
8
8
8
8
8
8
8
8
8
8
8
9
9
9
9
9
9
9
9
9
9
9
10
10
10
10
10
10
10
10
10
10
11
11
11
11
11
11
11
11
11
12
12
12
12
12
12
12
12
12
13
13
13
13
13
13
13
14
14
14
14
14
14
14
15
15
15
15
15
15
15
16
16
16
16
16
16
17
17
17
17
17
17
18
18
18
18
18
18
19
19
19
19
19
20
20
20
20
20
21
21
21
21
21
22
22
22
22
23
23
23
23
23
24
24
24
24
25
25
25
25
26
26
26
26
27
27
27
27
28
28
28
29
29
29
29
30
30
30
31
31
31
32
32
32
33
33
33
34
34
34
35
35
35
36
36
36
37
37
37
38
38
39
39
39
40
40
41
41
41
42
42
43
43
44
44
44
45
45
46
46
47
47
48
48
49
49
50
50
51
51
52
52
53
53
54
54
55
55
56
56
57
58
58
59
59
60
60
61
62
62
63
64
64
65
66
66
67
68
68
69
70
70
71
72
72
73
74
75
75
76
77
78
78
79
80
81
82
82
83
84
85
86
87
88
88
89
90
91
92
93
94
95
96
97
98
99
100
101
102
103
104
105
106
107
108
109
110
111
112
113
115
116
117
118
119
120
122
123
124
125
127
128
129
130
132
133
134
136
137
139
140
141
143
144
146
147
149
150
152
153
155
156
158
159
161
163
164
166
167
169
171
173
174
176
178
180
181
183
185
187
189
191
193
194
196
198
200
202
204
206
209
211
213
215
217
219
221
224
226
228
230
233
235
237
240
242
245
247
250
252
255
257
260
262
265
268
270
273
276
279
281
284
287
290
293
296
299
302
305
308
311
314
317
320
324
327
330
333
337
340
344
347
350
354
358
361
365
368
372
376
380
383
387
391
395
399
403
407
411
415
419
424
428
432
437
441
445
450
454
459
463
468
473
478
482
487
492
497
502
507
513
517
522
528
533
538
543
549
555
560
566
571
577
583
589
595
601
607
613
619
625
632
638
644
651
657
664
671
677
684
691
698
705
712
719
727
734
741
748
756
763
771
779
787
795
802
810
818
826
835
844
852
861
869
878
887
896
905
914
923
932
942
951
960
970
979
990
1000
1010
1020
1030
1039
1051
1061
1072
1083
1094
1105
1116
1127
1138
1150
1161
1172
1185
1196
1208
1220
1233
1245
1259
1270
1282
1296
1309
1322
1335
1349
1362
1376
1390
1403
1417
1432
1446
1461
1475
1490
1505
1520
1536
1551
1566
1582
1598
1614
1632
1647
1664
1681
1696
1715
1732
1748
1766
1784
1800
1820
1839
1856
1875
1894
1913
1932
1951
1971
1990
2010
2032
2050
2073
2092
2113
2135
2156
2178
2198
2221
2245
2268
2290
2311
2336
2358
2385
2409
2430
2455
2480
2506
2529
2553
2580
2607
2628
2658
2687
2712
2737
2766
2793
2823
2851
2880
2908
2939
2968
2997
3027
3057
3088
3120
3151
3185
3214
3249
3280
3311
3345
3373
3415
3446
3481
3517
3551
3589
3625
3659
3694
3734
3771
3808
3847
3889
3925
3962
4005
4043
4084
4125
4169
4201
4247
4292
4339
4382
4417
4472
4513
4559
4605
4653
4697
4746
4798
4847
4881
4935
4984
5040
5088
5137
5186
5247
5295
5346
5401
5454
5510
5567
5621
5679
5738
5794
5862
5908
5965
6036
6086
6145
6204
6272
6341
6406
6467
6524
6596
6674
6729
6792
6862
6932
7000
7063
7126
7225
7283
7361
7432
7511
7585
7656
7733
7818
7930
7963
8055
8120
8212
8280
8362
8478
8548
8627
8718
8809
8892
8997
9076
9152
9260
9356
9444
9546
9634
9754
9827
9931
10022
10106
10217
10348
10437
10536
10648
10745
10885
10977
11091
11176
11308
11417
11554
11654
11760
11890
11995
12122
12229
12368
12512
12595
12706
12874
13031
13138
13227
13423
13511
13617
13811
13934
14109
14229
14372
14549
14644
14841
14962
15092
15220
15372
15474
15744
15872
16051
16187
16356
16511
16694
16801
17037
17306
17359
17550
17735
17948
18074
18244
18458
18576
18811
19066
19156
19327
19561
19716
19716
19716
19716
21414
21414
21414
21414
21414
