setup,1.54124e+08
1,1337
1,1224
1,1204
1,1419
1,1068
1,1687
1,1555
1,1532
1,1716
1,1206
1,1531
1,1392
1,1538
1,1192
1,1438
1,1459
1,1221
1,1304
1,1220
1,1222
1,1524
1,1376
1,1334
1,1797
1,1224
1,1468
1,1277
1,1259
1,1396
1,1128
1,1338
1,1294
1,1134
1,1271
1,1184
1,1576
1,1378
1,1501
1,1310
1,1418
1,1171
2,1456
2,1571
2,1713
2,1556
2,1358
2,1488
2,1464
2,1195
2,1389
2,1370
2,1402
2,1920
2,1464
2,1264
2,1278
2,1362
2,1327
2,1315
2,1365
2,1461
2,1384
2,1351
2,1323
2,1446
2,1417
2,1352
2,1322
2,1152
2,1367
2,1446
2,1071
2,1372
2,1566
2,1394
2,1130
2,1471
2,1265
2,1407
2,1446
2,1481
2,1381
2,1244
2,1500
2,1232
2,1371
2,1109
2,1436
2,1292
2,1131
2,1865
2,1771
3,1477
3,1363
3,2158
3,1491
3,1256
3,1562
3,1303
3,1300
3,1766
3,1794
3,1379
3,1791
3,1422
3,1332
3,1924
3,1307
3,1493
3,1547
3,1265
3,1436
3,1629
3,1637
3,1709
3,1738
3,1619
3,1638
3,1703
3,1665
3,1504
3,1572
3,1509
3,1616
3,1488
3,1572
4,1947
4,1673
4,1362
4,1646
4,1345
4,1532
4,1677
4,1304
4,1476
4,1454
4,1709
4,1665
4,1411
4,1703
4,1471
4,1765
4,1413
4,1488
4,1838
4,1191
4,1487
4,1550
4,1590
4,1835
4,1494
5,1720
5,1671
5,1824
5,1763
5,1788
5,2066
5,1967
5,2048
5,1741
5,1654
5,1658
5,1807
5,1588
5,1702
5,1647
5,1605
5,1592
5,1670
5,1725
5,2115
6,1838
6,1719
6,1673
6,1995
6,1704
6,1936
6,1540
6,1865
6,1561
6,1779
6,1832
6,1845
6,1740
6,1377
6,2333
6,1759
6,1688
7,1590
7,1922
7,1974
7,1652
7,1844
7,1919
7,1801
7,2129
7,1741
7,1376
7,2038
7,2017
7,1365
7,2072
8,1950
8,1966
8,1774
8,2039
8,1489
8,2132
8,2140
8,1997
8,1762
8,1804
8,2009
8,1891
8,1867
9,2120
9,1958
9,1808
9,1837
9,1881
9,1982
9,2225
9,1877
9,1963
9,2089
9,1913
10,1935
10,1733
10,2529
10,2392
10,2062
10,2169
10,2031
10,2017
10,2406
10,1736
11,1824
11,2125
11,2082
11,2199
11,2270
11,2187
11,2394
11,1924
11,2267
12,2751
12,2610
12,2193
12,2240
12,2352
12,2500
12,1864
12,1817
12,2111
13,2191
13,2799
13,2238
13,2420
13,1991
13,2187
13,2496
14,2237
14,2504
14,2506
14,2257
14,2568
14,2413
14,2508
15,2918
15,2562
15,2745
15,2379
15,2416
15,2506
15,2117
16,2471
16,2500
16,2603
16,2439
16,3050
16,2271
17,2212
17,2497
17,2585
17,2853
17,2601
17,2274
18,2733
18,2597
18,2207
18,2501
18,2318
18,2491
19,3028
19,2252
19,2877
19,2480
19,2649
20,2961
20,2646
20,2632
20,2362
20,2452
21,3231
21,2947
21,3145
21,2550
21,2782
22,2920
22,2963
22,2671
22,2712
23,2703
23,3725
23,2331
23,2841
23,2723
24,3697
24,2652
24,2747
24,3305
25,2920
25,3359
25,3011
25,3706
26,3012
26,4037
26,3723
26,2713
27,3089
27,3063
27,3346
27,2740
28,2877
28,2912
28,3761
29,4262
29,3117
29,2512
29,3743
30,2947
30,3196
30,2692
31,2988
31,4212
31,3129
32,3108
32,3915
32,3921
33,3956
33,2914
33,3419
34,3639
34,4272
34,3645
35,3664
35,3524
35,3857
36,3731
36,3711
36,3578
37,3553
37,4082
37,3167
38,4212
38,3867
39,3672
39,3290
39,4461
40,3628
40,3484
41,3633
41,4996
41,3645
42,4230
42,4033
43,4237
43,3792
44,3585
44,3692
44,3437
45,3980
45,3409
46,4621
46,4148
47,3783
47,3587
48,4066
48,3853
49,3658
49,4181
50,4484
50,4200
51,6317
51,5217
52,3856
52,4210
53,4302
53,4244
54,4376
54,4675
55,5400
55,4888
56,4314
56,4813
57,5142
58,5051
58,5744
59,6400
59,4799
60,6709
60,6033
61,3937
62,5609
62,5252
63,4172
64,5557
64,4705
65,5902
66,6082
66,5833
67,6026
68,5293
68,6004
69,5315
70,5288
70,6110
71,5585
72,7002
72,6618
73,5109
74,6879
75,5138
75,5126
76,6161
77,5251
78,5328
78,6768
79,6036
80,5427
81,7455
82,5515
82,6683
83,5256
84,5552
85,6048
86,6744
87,6937
88,6503
88,7381
89,5374
90,6022
91,6044
92,6932
93,6155
94,6134
95,5554
96,7148
97,5502
98,6271
99,5162
100,6646
101,5808
102,7226
103,8223
104,8742
105,9348
106,8501
107,7546
108,7623
109,11060
110,10390
111,6945
112,10796
113,9792
115,8647
116,7655
117,6316
118,6046
119,5619
120,8612
122,8492
123,8300
124,7015
125,10193
127,6292
128,7803
129,8675
130,6522
132,10626
133,9072
134,8296
136,10857
137,10585
139,10675
140,8816
141,8759
143,8744
144,11341
146,10185
147,10415
149,10236
150,9578
152,13141
153,12201
155,11509
156,9070
158,10404
159,12592
161,16356
163,13256
164,8309
166,12129
167,11088
169,8953
171,10541
173,12772
174,11212
176,14930
178,9461
180,13143
181,12465
183,9401
185,9164
187,13802
189,9719
191,18444
193,12595
194,10178
196,9562
198,10494
200,10524
202,13714
204,13667
206,13267
209,11310
211,21116
213,16563
215,20610
217,13370
219,14575
221,9207
224,20556
226,10972
228,12980
230,12901
233,13941
235,15236
237,16916
240,12987
242,15220
245,14144
247,21060
250,15216
252,23675
255,14454
257,16830
260,24469
262,22227
265,16172
268,20823
270,22403
273,16938
276,17967
279,22349
281,17296
284,17242
287,14502
290,17102
293,22348
296,20569
299,22605
302,20042
305,16784
308,19422
311,19819
314,22364
317,19213
320,21110
324,21668
327,20906
330,25555
333,29990
337,18855
340,17145
344,18985
347,20232
350,16596
354,18717
358,21167
361,20352
365,16999
368,22457
372,20455
376,27325
380,22643
383,21717
387,16526
391,18396
395,34378
399,27848
403,26394
407,26161
411,24902
415,19460
419,26309
424,36396
428,36657
432,20898
437,23611
441,31155
445,35473
450,23863
454,21625
459,33983
463,27018
468,27068
473,29273
478,33690
482,39459
487,31801
492,30854
497,27653
502,29393
507,30077
513,37978
517,30669
522,25479
528,32497
533,30965
538,29036
543,33485
549,33937
555,30582
560,28780
566,33191
571,30920
577,35248
583,34730
589,36883
595,32949
601,41463
607,32569
613,40782
619,31848
625,32692
632,33579
638,46873
644,39354
651,36344
657,38969
664,35478
671,34044
677,45221
684,35076
691,38553
698,40527
705,32998
712,36166
719,34210
727,34792
734,47856
741,40651
748,49658
756,46499
763,32210
771,41911
779,39803
787,47582
795,46007
802,52835
810,34284
818,31079
826,48391
835,52792
844,48451
852,48179
861,52206
869,63178
878,75705
887,84039
896,58097
905,61373
914,42851
923,75706
932,79647
942,47360
951,44681
960,67302
970,50734
979,51176
990,88872
1000,63781
1010,65513
1020,55043
1030,56312
1039,53484
1051,51831
1061,48848
1072,60889
1083,68437
1094,80501
1105,66025
1116,52597
1127,58125
1138,74692
1150,69037
1161,74347
1172,72598
1185,68290
1196,54709
1208,59769
1220,86115
1233,79770
1245,59878
1259,72735
1270,51322
1282,60875
1296,91406
1309,60093
1322,85104
1335,59956
1349,57890
1362,85964
1376,80094
1390,53923
1403,80802
1417,86595
1432,135437
1446,66277
1461,52312
1475,99171
1490,62064
1505,112379
1520,115425
1536,86084
1551,118340
1566,86982
1582,75410
1598,74218
1614,68657
1632,137171
1647,84089
1664,61188
1681,127587
1696,131889
1715,95274
1732,102859
1748,75821
1766,101458
1784,95527
1800,110044
1820,80991
1839,132835
1856,94052
1875,110467
1894,101973
1913,110292
1932,95531
1951,157810
1971,112203
1990,102337
2010,112993
2032,112677
2050,119205
2073,100303
2092,122926
2113,102368
2135,136248
2156,109304
2178,95635
2198,144749
2221,100753
2245,141121
2268,122271
2290,122280
2311,90147
2336,118275
2358,138253
2385,149522
2409,154272
2430,93830
2455,123411
2480,107541
2506,119499
2529,127432
2553,172736
2580,169696
2607,134214
2628,212192
2658,116026
2687,155258
2712,116023
2737,153702
2766,180165
2793,136557
2823,124378
2851,120024
2880,246820
2908,173106
2939,194117
2968,149942
2997,149072
3027,140386
3057,115492
3088,151583
3120,161539
3151,119424
3185,152375
3214,154493
3249,183130
3280,195843
3311,144661
3345,277141
3373,135618
3415,192516
3446,211070
3481,266122
3517,219753
3551,216928
3589,156618
3625,200972
3659,262337
3694,213630
3734,218052
3771,256816
3808,257509
3847,289945
3889,294254
3925,197987
3962,337254
4005,194396
4043,212113
4084,214513
4125,263172
4169,214322
4201,247565
4247,276014
4292,225740
4339,310026
4382,257742
4417,222026
4472,229306
4513,330366
4559,160041
4605,236772
4653,210742
4697,219192
4746,217970
4798,281212
4847,328139
4881,338470
4935,323918
4984,227045
5040,235673
5088,267921
5137,224725
5186,234981
5247,242123
5295,352457
5346,235270
5401,264691
5454,345870
5510,325567
5567,366896
5621,297970
5679,314734
5738,333579
5794,281437
5862,262432
5908,247426
5965,388856
6036,269185
6086,229067
6145,234820
6204,403666
6272,316569
6341,271964
6406,237955
6467,363396
6524,370633
6596,428779
6674,522528
6729,401443
6792,310255
6862,519455
6932,370067
7000,479270
7063,464317
7126,375740
7225,374340
7283,337387
7361,423642
7432,602118
7511,374414
7585,436842
7656,386874
7733,419556
7818,525052
7930,661489
7963,404403
8055,452975
8120,511983
8212,583480
8280,432914
8362,359120
8478,679132
8548,436599
8627,466356
8718,480478
8809,509639
8892,434452
8997,460911
9076,753376
9152,551139
9260,524327
9356,433334
9444,644342
9546,623983
9634,691621
9754,460759
9827,599781
9931,457711
10022,440155
10106,433699
10217,726793
10348,438771
10437,637287
10536,726433
10648,601475
10745,513675
10885,477278
10977,590565
11091,723457
11176,630860
11308,551850
11417,664429
11554,999062
11654,458818
11760,736444
11890,587587
11995,666556
12122,477938
12229,543647
12368,775310
12512,909287
12595,952227
12706,695075
12874,516585
13031,533164
13138,742033
13227,579751
13423,481671
13511,623834
13617,602140
13811,1.27728e+06
13934,613048
14109,785453
14229,779827
14372,807288
14549,733374
14644,1.29055e+06
14841,749520
14962,731226
15092,774850
15220,616757
15372,833648
15474,572225
15744,943068
15872,851449
16051,719140
16187,803511
16356,705575
16511,685492
16694,832048
16801,1.1574e+06
17037,1.00691e+06
17306,832712
17359,801333
17550,897507
17735,995762
17948,1.03821e+06
18074,663379
18244,834913
18458,899762
18576,828455
18811,854337
19066,746710
19156,871691
19327,842476
19561,1.07604e+06
19716,960047
19716,863387
19716,1.01191e+06
19716,842335
21414,977330
21414,1.20426e+06
21414,849891
21414,951577
21414,838184
update,7991
update,330
update,15440
update,363
update,807
update,324
update,1326
update,358
update,737
update,331
update,2059
update,348
update,762
update,380
update,1353
update,319
update,935
update,342
update,99361
update,324
update,770
update,380
update,1260
update,367
update,767
update,313
update,1956
update,397
update,772
update,354
update,1418
update,328
update,755
update,312
update,3013
update,318
update,849
update,317
update,1326
update,318
update,817
update,314
update,1882
update,328
update,827
update,348
update,1349
update,330
update,786
update,327
update,4556
update,324
update,807
update,432
update,1332
update,372
update,820
update,346
update,2087
update,326
update,792
update,316
update,1344
update,373
update,822
update,330
update,3131
update,340
update,818
update,321
update,1309
update,332
update,787
update,339
update,2015
update,342
update,783
update,348
update,1400
update,331
update,882
update,330
update,7342
update,334
update,835
update,309
update,1375
update,321
update,813
update,318
update,2032
update,335
update,793
update,393
update,1404
update,339
update,819
update,365
update,3008
update,313
update,785
update,303
update,1318
update,306
update,794
update,320
update,1992
update,354
update,755
update,321
update,1349
update,426
update,772
update,329
update,5168
update,364
update,824
update,358
update,1286
update,315
update,808
update,353
update,2055
update,325
update,786
update,315
update,1331
update,318
update,808
update,310
update,2999
update,340
update,807
update,316
update,1484
update,347
update,800
update,332
update,1928
update,338
update,868
update,354
update,1328
update,339
update,845
update,320
update,12694
update,331
update,817
update,365
update,1284
update,346
update,793
update,340
update,1975
update,320
update,821
update,368
update,2066
update,319
update,814
update,346
update,3174
update,335
update,752
update,327
update,1327
update,331
update,779
update,329
update,2151
update,327
update,864
update,390
update,1375
update,348
update,778
update,318
update,4859
update,321
update,765
update,357
update,1302
update,337
update,815
update,348
update,1954
update,349
update,758
update,323
update,1264
update,309
update,797
update,326
update,3027
update,334
update,800
update,387
update,1282
update,304
update,1018
update,339
update,1981
update,332
update,769
update,314
update,1284
update,341
update,811
update,312
update,7200
update,322
update,781
update,320
update,1327
update,368
update,765
update,393
update,1990
update,325
update,877
update,321
update,1338
update,314
update,803
update,336
update,3015
update,357
update,787
update,330
update,1368
update,375
update,925
update,368
update,2075
update,323
update,847
update,307
update,1499
update,451
update,862
update,326
update,4458
update,339
update,762
update,357
update,1263
update,329
update,803
update,404
update,1956
update,347
update,861
update,333
update,1331
update,336
update,797
update,319
update,3039
update,344
update,842
update,320
update,1418
update,330
update,780
update,351
update,2081
update,334
update,911
update,420
update,1323
update,445
update,845
update,331
update,22133
update,401
update,818
update,327
update,1398
update,318
update,802
update,314
update,2038
update,323
update,800
update,374
update,1532
update,337
update,814
update,330
update,3036
update,328
update,771
update,307
update,1351
update,355
update,871
update,324
update,2237
update,329
update,794
update,332
update,1364
update,326
update,821
update,311
update,4369
update,334
update,777
update,328
update,1390
update,372
update,804
update,333
update,2119
update,340
update,802
update,326
update,1306
update,314
update,789
update,314
update,3371
update,351
update,815
update,316
update,1470
update,380
update,778
update,336
update,2024
update,345
update,771
update,307
update,1273
update,319
update,791
update,347
update,7264
update,326
update,829
update,319
update,1501
update,317
update,781
update,333
update,2097
update,353
update,741
update,326
update,1400
update,315
update,866
update,357
update,2914
update,330
update,863
update,325
update,1385
update,333
update,798
update,324
update,1989
update,323
update,786
update,349
update,1286
update,327
update,793
update,354
update,4377
update,319
update,760
update,353
update,1329
update,314
update,751
update,312
update,1977
update,333
update,892
update,324
update,1437
update,320
update,783
update,322
update,2973
update,370
update,903
update,318
update,1479
update,330
update,776
update,329
update,2158
update,367
update,796
update,379
update,1386
update,320
update,915
update,444
update,11760
update,340
update,826
update,388
update,1462
update,316
update,824
update,392
update,2072
update,362
update,805
update,313
update,1347
update,357
update,781
update,312
update,3060
update,344
update,846
update,313
update,1359
update,317
update,766
update,323
update,2013
update,331
update,822
update,312
update,1355
update,345
update,780
update,329
update,4708
update,344
update,760
update,330
update,1382
update,316
update,837
update,370
update,1990
update,374
update,789
update,358
update,1313
update,324
update,835
update,354
update,3136
update,363
update,755
update,345
update,1274
update,317
update,796
update,339
update,2044
update,329
update,818
update,327
update,1294
update,326
update,778
update,335
update,7435
update,327
update,823
update,344
update,1364
update,331
update,805
update,340
update,1989
update,356
update,912
update,327
update,1343
update,328
update,774
update,397
update,2889
update,326
update,807
update,335
update,1331
update,435
update,903
update,334
update,1992
update,346
update,794
update,334
update,1305
update,337
update,781
update,312
update,4253
update,328
update,771
update,351
update,1254
update,324
update,775
update,326
update,2024
update,337
update,807
update,326
update,1331
update,307
update,783
update,319
update,3048
update,402
update,760
update,326
update,1379
update,345
update,863
update,322
update,2042
update,383
update,743
update,327
update,1453
update,325
update,778
update,345
update,40984
update,331
update,855
update,360
update,1416
update,330
update,812
update,325
update,2084
update,327
update,874
update,298
update,1280
update,330
update,802
update,378
update,2825
update,317
update,772
update,317
update,1328
update,667
update,756
update,314
update,2172
update,329
update,924
update,330
update,1362
update,340
update,816
update,320
update,4534
update,337
update,785
update,312
update,1351
update,433
update,923
update,358
update,2055
update,327
update,769
update,310
update,1484
update,316
update,788
update,327
update,2991
update,341
update,821
update,317
update,1371
update,323
update,900
update,327
update,2031
update,317
update,783
update,313
update,1358
update,334
update,854
update,319
update,7678
update,336
update,847
update,305
update,1358
update,333
update,803
update,341
update,2168
update,379
update,928
update,332
update,1250
update,326
update,797
update,335
update,3091
update,341
update,823
update,318
update,1339
update,336
update,781
update,365
update,2027
update,338
update,758
update,320
update,1502
update,322
update,793
update,373
update,4687
update,371
update,790
update,364
update,1262
update,312
update,783
update,322
update,1937
update,318
update,799
update,352
update,1521
update,321
update,792
update,323
update,3111
update,346
update,810
update,331
update,1354
update,360
update,785
update,323
update,2023
update,359
update,889
update,320
update,1392
update,319
update,775
update,339
update,13350
update,322
update,769
update,316
update,1569
update,318
update,800
update,548
update,2236
update,355
update,802
update,367
update,1335
update,343
update,797
update,361
update,2970
update,343
update,1069
update,337
update,1413
update,336
update,841
update,332
update,2101
update,329
update,799
update,323
update,1422
update,364
update,786
update,353
update,4707
update,325
update,842
update,349
update,1463
update,381
update,815
update,316
update,1998
update,360
update,753
update,346
update,1331
update,387
update,848
update,325
update,2778
update,323
update,901
update,322
update,1299
update,377
update,789
update,321
update,1931
update,411
update,809
update,334
update,1432
update,317
update,798
update,328
update,7160
update,321
update,785
update,421
update,1441
update,321
update,883
update,329
update,2043
update,332
update,754
update,321
update,1412
update,377
update,782
update,321
update,3010
update,330
update,835
update,321
update,1458
update,390
update,895
update,361
update,2013
update,327
update,1376
update,349
update,1422
update,346
update,774
update,331
update,4409
update,435
update,781
update,384
update,1307
update,366
update,878
update,355
update,2188
update,319
update,810
update,369
update,1301
update,306
update,895
update,364
update,3074
update,322
update,818
update,326
update,1290
update,326
update,777
update,341
update,1974
update,348
update,885
update,327
update,1338
update,378
update,823
update,340
update,22002
update,320
update,814
update,331
update,1361
update,329
update,774
update,316
update,2069
update,436
update,798
update,348
update,1392
update,315
update,815
update,334
update,2827
update,363
update,860
update,313
update,1345
update,365
update,744
update,364
update,2007
update,314
update,863
update,326
update,1288
update,341
update,872
update,322
update,4701
update,338
update,862
update,344
update,1344
update,349
update,811
update,386
update,2102
update,339
update,905
update,347
update,1416
update,372
update,791
update,333
update,3293
update,437
update,831
update,334
update,1340
update,340
update,820
update,322
update,2138
update,362
update,784
update,401
update,1346
update,324
update,881
update,336
update,6673
update,341
update,812
update,373
update,1400
update,343
update,800
update,336
update,1979
update,408
update,799
update,318
update,1321
update,313
update,766
update,328
update,3244
update,329
update,772
update,340
update,1518
update,325
update,855
update,392
update,1982
update,332
update,822
update,326
update,1335
update,349
update,805
update,404
update,4569
update,332
update,835
update,398
update,1377
update,357
update,848
update,412
update,2008
update,355
update,808
update,374
update,1338
update,334
update,813
update,322
update,3319
update,339
update,800
update,345
update,1331
update,333
update,878
update,337
update,2016
update,346
update,788
update,332
update,1512
update,321
update,861
update,447
update,12319
update,327
update,771
update,323
update,1243
update,405
update,803
update,377
update,2043
update,406
update,822
update,319
update,1352
update,319
update,919
update,349
update,3150
update,325
update,800
update,321
update,1382
update,325
update,770
update,333
update,2102
update,352
update,880
update,380
update,1777
update,328
update,813
update,415
update,4688
update,346
update,802
update,390
update,1407
update,376
update,809
update,327
update,2010
update,338
update,820
update,330
update,1382
update,334
update,765
update,322
update,3135
update,332
update,922
update,346
update,1331
update,353
update,827
update,365
update,2316
update,346
update,775
update,332
update,1281
update,328
update,811
update,340
update,7381
update,326
update,824
update,340
update,1387
update,354
update,856
update,340
update,2092
update,386
update,856
update,343
update,1307
update,326
update,782
update,352
update,3015
update,328
update,943
update,363
update,1402
update,360
update_avg,1152.92
