32201
14265325
16641800100
1646,11046400
15662,13736400
902,10960300
633,3329200
2880,9893200
2841,8543400
1228,7534900
1268,7032400
4805,6839800
1316,8162000
1052,1094000
7317,6176400
1103,2383900
590,2361800
1199,5382700
1001,13413600
842,10220800
6596,14155600
617,3046800
738,5957700
797,8163100
939,12490000
2745,6659600
2292,7783200
4190,4093900
664,4329900
761,7057200
3415,10560800
3124,2823700
801,8916100
12423,10139400
3084,1526000
3415,10627900
1589,2128700
1012,13632700
635,4381400
1745,5982400
9416,10216900
1249,6423600
821,9196300
857,9886600
7476,10965200
987,16845500
511,191300
2370,9981100
1024,391500
10373,6973400
2195,4948600
1265,6632100
12552,11559900
587,2484300
3737,5279100
3402,10138200
13575,12778900
10579,13442200
3979,13738200
1532,647800
1161,5300300
950,13096200
19066,9699800
3523,13469800
582,2185600
11573,12376300
626,3662900
8034,12038400
3517,14418100
8120,14169200
1785,7465800
1273,7186500
766,6952000
677,4555100
4084,1015600
8352,7483800
10361,6879300
10257,3662200
516,321500
653,4084700
4115,1792900
2270,7416400
14468,9057500
15821,3490200
4343,8248600
865,9931800
883,10583200
1104,2729300
644,3881700
3793,6831300
4333,8187700
2493,13527300
3397,10821600
3139,2732200
14109,12261200
806,8551800
1437,11647500
1395,10317800
3354,8847800
771,7141500
3645,2709300
8962,10818600
1220,6109300
1455,12008800
2550,556200
9634,15004900
913,11808700
957,12860800
2727,5894900
9152,15409800
710,5487500
1873,9558600
10774,4124200
8066,12936800
629,3397700
1156,4276100
1141,3720600
673,4752500
6041,12671100
3808,7024800
6345,7553800
3514,12884600
1097,2525000
2765,6369400
1734,5890600
655,3997200
1434,11943800
13934,8156600
800,8035400
2229,5873600
10932,8278600
1517,13787700
1022,342000
641,3565200
2276,6769400
721,6187700
5894,9498300
14451,8549900
1301,7880800
587,2152500
16801,17788400
5079,14522300
13432,8447300
1334,10089600
1458,13802500
1661,4285300
1303,9437600
17309,18667900
10951,9775400
548,1495300
871,10242200
13307,4690400
13934,7618300
4247,5580000
608,2765600
554,1429900
4170,3299900
1429,11215600
3273,6626800
1007,63962100
10634,14107100
2087,1781200
535,909900
1204,5641300
1334,9864900
2360,9681300
6792,5874400
4442,11368900
14292,3555700
1347,9090700
14583,11240400
901,11998800
510,182400
2190,4348800
524,532800
958,12167600
6729,5106200
7063,13123900
3237,5482600
1359,9645800
893,10974400
9012,11473200
1083,2044600
1065,1461600
603,2696500
533,769100
4327,7726800
3613,1838000
697,5427000
522,488500
2166,5296100
1234,6571400
11241,3645500
565,1651800
727,6340000
3252,5997600
5346,8467700
13759,18773900
2851,10127700
1507,14805100
15372,5302000
2373,10096200
1281,7162500
1601,2324100
4877,8965700
9015,11675100
1541,756200
2930,11919900
6938,10262500
2092,2315600
3139,2740600
793,8727200
2568,1114400
678,5457700
1846,10174300
684,5390400
2580,1522800
2619,2446400
8014,12780000
1229,5936500
7006,12075900
3291,7062300
16396,6596200
6508,12126800
666,4506700
2370,10230200
6586,15740700
3332,8914200
716,6401300
10178,16479500
4373,8707100
974,12777100
1192,5300700
14229,16481000
806,9289500
3500,12933100
925,11946900
5264,6432200
4721,5161400
656,4090700
2518,14999900
3284,6556300
4277,6421100
5181,3329400
1025,523200
14741,17234800
906,11991700
1217,6157200
661,4880400
680,4791700
8329,6471000
978,14571900
732,6690100
1037,865600
1708,5209100
5588,14429000
3636,2522400
1712,5700500
1969,12664700
4622,2033200
1577,1800200
2232,5476300
3539,15075900
1521,13896800
543,1129200
547,1327300
1276,7102500
761,7155100
1060,1385300
645,3947000
1304,8515100
643,3934000
711,5589300
4879,8762800
1795,7679800
3862,9314500
705,5827100
1472,13323800
12565,12429800
545,1329100
639,4106200
4798,6636000
14433,7792400
923,11747700
7641,15338100
1624,3163100
944,11958000
711,5795100
861,9630200
1423,11484000
4503,12292500
588,2432800
1920,12447700
12676,16436000
8791,6870200
861,9820500
1384,12986900
1608,2592500
777,8260700
2543,15344900
872,9762800
1248,7129000
1150,3803800
686,4937200
2945,11461300
2793,7155200
7012,12459400
767,7847500
1052,1172800
1064,1423600
869,9842700
738,6598400
738,6269700
569,1672600
1208,5580400
2529,14372000
1453,12241000
16060,10173200
718,5769000
2777,7676900
2487,12385500
1270,6795500
988,13142200
4746,5174300
641,3905600
3143,2851600
4156,3269400
1716,5799500
874,10044700
663,4150400
620,3113800
2500,54907500
2034,15011300
1918,10932700
2511,13321600
2663,4551900
7294,5876100
15203,15743000
852,10053900
624,3906600
3913,11510800
697,5167100
1086,2228900
2942,11134000
2507,13231000
1795,8258800
702,5466100
1104,2523900
2447,12724700
4958,10968300
968,12248700
1829,8832400
2102,2614400
5535,13946600
3363,9103600
839,9802400
4994,12268500
752,7119900
1131,3297400
909,10954700
4808,6901300
1948,11943800
832,8951600
1758,6972100
1269,6952800
3417,10371200
1370,9891900
2258,6380500
1887,10391600
629,3400700
1061,1362900
600,2547300
511,193400
3551,14038800
6204,3724900
3484,12861400
5401,9728900
3485,12437200
4455,11585100
704,5883200
7643,15196400
549,1202400
620,3204200
5831,7189500
2104,2262000
821,8953700
1049,1055000
517,390600
3981,12002100
730,6180600
1290,7919200
1152,3997300
2589,1801300
2451,11637000
661,4263300
1209,5975500
639,3803100
1237,5950900
908,10916300
556,1740300
2009,13978800
4440,11160900
976,13394200
5744,5837000
600,3024100
1311,9222800
2819,7934800
516,415300
804,9189000
554,1490800
4729,4867500
3933,11311200
829,8842800
1197,4926500
1059,1318800
631,4085100
4399,10760800
1141,4254000
773,7767900
615,3117400
3773,6777100
1545,784900
1096,2333400
14372,5594800
3368,9139800
3851,8468000
617,3524700
668,4618600
3830,8193500
1824,8614500
588,2236500
6009,11834500
1088,2076600
522,487100
2389,10106200
1104,2850600
3021,14102700
891,10303800
2069,1322100
523,508000
581,2023600
4185,3703000
916,11458900
3107,2511000
1481,12895000
4235,5012400
9260,4324200
6467,10392800
2004,13038600
7987,11645400
2454,11480000
996,14754800
4870,8639900
1406,10534900
2888,9970800
4241,5220700
687,4825600
2025,13601600
1880,10460700
4074,14539400
599,3072100
1940,11853500
2074,1699000
3229,5532300
1211,5272600
5302,7152300
871,9982500
1361,9734800
2717,5040900
3478,12115800
1314,8301000
543,1036300
771,7540400
1094,2423100
9145,15272800
2268,6650600
723,7030900
2120,3248800
1263,7262600
6524,12131900
957,12338600
1756,6948400
8714,4455600
1336,8826700
561,1539100
2781,7988500
807,8753700
921,12163700
12368,6409400
6108,17177200
2018,13931200
964,14076400
7727,3822300
4946,11249700
7996,11274200
1437,12131900
5836,8174400
941,12504800
1213,5550100
837,50808800
3756,5731400
1788,7322300
1933,11255100
4405,9495100
3878,9123800
1071,1898800
6803,6603600
1824,8088500
869,9720600
884,9956600
895,10983100
1021,298300
2774,6504900
892,10385500
649,3807100
1080,2212900
768,7302800
8943,9765100
545,1471800
1020,334100
1483,12675500
6561,13004800
1123,3572200
1064,1446000
6393,8578700
1555,1033100
1647,3842800
1554,1138300
739,6316800
1087,2076300
651,4838000
930,11960300
2944,12425200
1488,14400000
1245,6833900
1084,2110200
1439,12288200
1990,14339300
7656,2448800
3314,9034500
749,7678700
2164,4371400
557,2071500
3406,11904400
7520,15078200
3253,6418200
1369,13310400
5440,11862900
623,3247000
1913,13870500
1127,3804100
570,2153300
698,5655000
969,12762200
677,4841800
1598,2278100
534,794000
598,2470200
676,4718500
567,1756200
702,5185900
1223,5911700
2227,5891700
1359,9492600
1617,2785900
674,4533700
11323,5507800
1018,13925900
611,2938300
1781,7516000
1995,13455300
955,12249300
7089,13738500
1141,3858800
724,6174800
2198,4642200
1483,12990300
2680,4430600
892,10887800
11890,7327200
13350,5282000
1601,2244300
13138,13840900
4310,7481400
893,10942500
790,7840200
638,3561500
2981,12338600
1769,6679600
743,6265000
1083,1993900
547,1197800
11975,9397800
1394,10487100
10624,14353100
3204,4642400
2156,3537900
873,9826900
1460,12741600
4905,10240200
684,4699800
605,2675200
1417,11427900
1327,9108900
766,7898200
16633,12574200
9631,15340800
4221,4731700
1028,582100
2122,3414000
2290,9365400
987,14178300
1724,6732200
11760,3384200
2152,3782000
1390,11300700
2004,13922600
2023,14422700
769,7099600
984,13819500
1951,12001000
686,5045000
1113,3118400
859,9522800
1312,8771200
12874,6298000
855,11239800
1207,6060500
2908,12587800
14549,12171800
1039,880800
548,1171400
957,13185600
1597,2127600
2625,2501000
1011,14082400
8362,7957300
953,11953700
748,7880300
2849,9088200
2535,14584600
1541,694700
755,6734500
567,1687100
2026,13537700
2129,2958800
1043,1087500
1877,9879300
898,10722000
557,1472400
2017,13750400
551,1322700
11654,14250800
11613,13248500
3120,2275200
1558,1099300
576,2063100
3846,8538400
8099,14242600
5477,11202100
1435,11367800
621,3377400
1935,11620000
1443,11789600
1119,3242500
1449,12420400
3190,4230200
15760,17375900
1799,9388600
830,11434000
4099,1572200
1310,9148800
936,12637100
923,59038600
3745,5568600
976,12382800
561,1496700
10087,13227700
1172,4664800
2487,13448800
3512,17018200
757,7946800
12322,5833600
1009,16043100
2855,9804700
1893,11187500
7387,9652500
800,8218800
3341,8539900
587,2170800
6674,3514000
2403,11045600
898,11187300
576,2196300
3758,5893800
5377,8797000
928,11992700
14962,7975800
1829,8664900
1606,2541400
3426,10490800
2424,11182000
3538,13700300
5965,11024300
546,1201800
1728,5966400
16356,4297100
1264,7819600
4028,13336000
553,1370600
2254,6847400
1000,13807000
1193,5027600
765,7274300
6406,9170000
2033,14089700
16055,9868400
1922,11459100
820,8669000
1098,2402500
10348,6007900
1790,7437400
1737,6237200
6407,9304700
3810,7710200
4947,10915800
3753,5900800
5172,3149400
590,2335400
1686,5058900
1145,3643200
514,419800
764,8268700
2477,12293000
1432,12065200
1513,14307800
616,2964200
676,4558700
2427,11388200
19439,6289500
18862,18619800
13039,10451000
2552,688000
1166,4417900
1322,8269900
2063,1139900
8045,12904400
2331,8410800
1890,10616800
8910,8720100
2415,10824400
1074,1808700
852,9483000
855,9738000
789,7977600
519,453300
835,8941300
824,9016100
5748,5025500
17479,8156500
7613,13832100
2356,9103000
1104,2444200
4798,6571600
623,3149700
709,5417800
2689,4218500
2065,1244300
865,10682300
1241,6236800
555,1346300
5186,3383400
570,1769200
2947,11023000
662,4235600
7233,3973000
771,7235700
8007,11298700
2658,3518800
1349,9482300
2342,9091600
5679,2992400
539,956100
1362,9795900
517,439400
14610,12686900
15905,6155400
2997,13326600
1998,13309100
621,3223100
960,12527500
993,12881300
920,11205500
1186,5141900
2906,10960400
632,3615400
2018,14550300
1208,5590200
513,278100
887,10964100
1495,13638900
6145,2126800
738,6080100
2403,10300500
2598,2143700
1342,9364800
1296,8062700
716,5675900
3529,13630400
588,2321700
3213,5045600
668,6356200
2227,6120300
979,12858900
3013,13290100
1382,10271400
1717,5451500
13337,5082500
5460,10466100
1002,14297200
560,1535500
549,1208500
2317,8274700
1460,12226500
1745,6284300
14117,12678100
4677,3872200
1945,12675900
1593,1990500
704,5909500
2136,3229700
2877,9330800
4344,8140900
795,7810100
1425,11643900
1617,2677000
513,243900
766,7000800
6160,2415000
737,6445500
1031,686500
8337,7132100
1247,6525000
4048,14060500
1016,51231100
1407,10474700
1700,5093900
1326,8226000
666,5361900
713,5642300
5669,2872800
1978,12589400
3108,2010400
647,3709000
4679,3336800
725,5916600
4296,7149000
6862,8025300
741,6358400
1388,10722500
552,1632100
2533,15447100
679,5053400
3024,13728800
1307,8398000
1445,12108400
595,3318300
704,6214500
708,6057800
996,14833500
518,647700
5306,7366400
907,11336400
1584,2241500
5915,11205500
2045,612300
1359,9699400
14745,20075300
1779,7809000
3448,12749000
1977,14255500
3518,14041800
1148,4006400
1777,8469400
1073,1975000
3546,14744000
8224,3708200
1570,1627700
10157,16492300
618,3623100
1634,3674900
10279,4407300
4005,13255100
12595,12552800
1049,1106100
1381,12020000
1768,7576100
5527,12762100
1047,1035600
1179,4522700
1641,3361800
727,7255000
2876,9221800
16978,8281700
5314,7613400
2117,2739500
1363,9791200
1008,15549300
7930,9431600
552,1379900
1627,3307800
649,4341500
1929,11174600
609,3607200
2144,3504700
6386,10229700
5226,5361800
3766,6369000
708,6629200
576,1988600
8673,2081500
1503,14729900
674,4836100
2455,12331400
522,564500
809,8756700
6597,15987600
1350,9775600
6066,14406200
3628,2693400
1284,7896500
3258,7652800
2743,6099200
1242,6198100
3492,13934900
1766,7970800
1043,1125600
614,3135600
1493,14700100
2320,8910600
6587,14335300
2442,13322100
12066,12681500
2521,14351400
659,4224500
526,584100
8757,4774900
1145,3732200
3481,13052700
3540,14944800
672,4622900
1367,10158800
2127,3033900
540,1098000
1469,15595400
9472,12417800
2939,12347700
3006,14107400
2081,1642500
1518,17619000
733,6233800
1182,5147700
1309,8078400
3168,3592600
2968,12238400
617,3459600
15806,19664700
3849,8568600
2292,9872600
6535,13771900
776,7565800
879,12152300
13111,13799000
5512,13799800
1114,2888700
558,1586100
7026,13849000
16607,13880100
834,9895500
801,11841600
18811,18160400
4417,10485300
9465,10033500
8878,7994300
914,12303100
2947,12783500
3125,2386600
1794,8746900
8115,14857300
1335,8995900
1287,8744500
1478,14351500
6867,10119400
3973,13120200
546,1135500
3713,4915200
1024,395600
3153,3329100
627,3463300
8156,17064000
2463,47818100
586,2393700
1822,8415500
9852,6727700
843,10188900
882,11215400
2183,5998300
675,4817500
1178,5025900
3785,6664200
601,3146200
6911,9448900
2861,10407200
4125,2226000
8826,6475800
2235,6551900
593,3457900
554,1562600
1681,5125300
673,4793900
1073,1949400
923,14536200
771,7552600
2800,7525200
2235,5804200
6175,3093900
3760,5891800
7115,15667100
525,790100
815,8869900
1732,5943900
675,4621900
1399,11665700
1588,2040600
778,8772900
2838,9030100
927,12107200
2430,11684000
14141,14538800
1532,639100
535,995600
917,11827500
2169,4031600
934,12345300
4225,4747500
657,4212000
606,2743100
781,8025600
734,6632200
833,8865000
601,2621700
2420,10738200
814,8144500
543,992500
539,1156300
4023,12920600
1408,13065400
1486,13411700
1013,15425400
941,11882500
871,10162400
5182,3672200
8007,11307700
1698,5023300
670,4296200
2618,2462600
1624,3100200
2605,2146700
1252,7073000
708,5649100
8651,15516500
2653,4341800
973,12647700
2542,14323800
1530,411600
11554,12017500
4315,7416900
2706,4973300
2887,10259000
1549,935500
910,10870100
5289,7032300
1276,7479900
763,6978800
6681,2966500
1122,2948000
1220,5898900
1164,4306200
2496,14658600
2732,5449100
2805,7577000
1438,12460300
2245,6163100
1048,1120100
3373,9656300
2604,2221300
6253,5201500
3415,10712300
537,928300
853,9682500
5624,1697900
3780,6576600
675,4772900
3792,6787100
14644,13950700
636,3612300
11464,9664600
651,3954900
547,1372600
2391,10519300
576,2138100
909,11219800
660,4645400
792,8024000
1474,13068600
3046,14401000
16694,14548900
759,8458100
8358,7305500
591,2341000
1761,7979900
1503,13514600
8047,12806900
1367,9613800
9292,5151600
556,1384800
1496,13044900
782,7368500
756,6822000
7637,14719200
6366,8215100
10536,11444700
3511,14420600
684,4764800
588,2342200
771,7844400
601,2680600
7633,16072100
1186,4950700
878,10309800
10363,6756700
830,9671000
584,2487500
11314,5079100
19327,17685500
3935,11639200
957,12914400
2792,7929700
788,8348600
1144,4556800
6568,17473100
10355,7649800
10217,3880600
1513,14032500
10377,8031600
675,5725600
559,1591000
1094,2312400
1396,12497300
663,4869200
637,4971200
2691,5999400
536,980400
1727,7617800
12940,10491500
1600,2445900
965,13311600
948,14352600
8592,16707200
1990,14615900
3332,8815400
884,11420600
1320,50611900
6542,16845300
762,10436400
1996,14405200
678,5389800
1620,3065400
1369,10775800
1195,5463700
4935,11510600
4977,13334100
1812,10267000
2255,7624200
8035,12811600
12278,3802500
540,1279400
3077,1543100
1393,11627900
3725,6914400
7573,16761000
9517,12157200
567,1713100
552,1335000
2148,4529000
17320,17606400
5661,2638000
791,8225900
1607,2793400
3113,2235200
712,5477500
986,12905900
3916,10776600
3215,4945000
1550,902200
912,11414100
929,11870600
5813,6886000
2854,9641000
3067,856500
13511,9737000
1274,6950000
1754,6226300
1549,957100
670,4857100
2544,14164300
2251,6199200
1332,8805800
1433,12360700
4605,1477800
3213,4983600
1638,3706000
11402,7605000
685,4952300
2850,9162200
524,570000
8892,7660700
3064,786700
525,562900
1475,12943900
644,3688600
1371,9894700
667,4348100
592,2773000
2195,5631100
2839,10052600
733,7268300
1536,883200
2073,1605400
1950,13145900
2458,12835200
588,2348700
779,8331100
3563,14743400
4319,7859500
11911,8911000
9619,14035400
7981,11393500
763,6643500
619,3431700
600,2717000
684,5177500
1496,13632800
5498,11818500
1546,778300
871,10585200
2924,11522900
1995,13142300
4128,2393200
694,5104300
1133,3251700
4946,11044600
3748,5692500
1390,10870000
1936,11481400
2311,7690400
700,5382000
6825,6945300
831,8801100
3693,4265500
1614,3065700
530,754200
2437,11570100
15763,16285200
6445,10125300
4156,2930400
1448,11798000
569,1758000
10181,16261100
7283,5977300
1547,845900
1975,13460200
4263,6114700
5040,13760000
8667,16566000
6198,3871200
1617,2922400
3950,11632900
5665,2695900
1737,6326000
1884,10301100
706,5855600
875,10539400
2457,12323900
1049,1038400
576,2366300
1314,8819000
3766,7696300
8802,5992700
914,12116100
817,10895500
1632,3876000
4924,10253700
8478,10475600
1115,2934900
7733,3935400
1711,5497200
1539,928000
8437,11236900
1044,1068200
919,13184000
1621,2901100
4056,14911100
10397,7927500
646,4300000
1444,12878700
1704,5562900
2365,10384600
769,7260900
958,12436100
871,9889100
567,1898300
655,4143600
1890,10652000
1656,3931200
533,841600
14291,3435700
966,13750300
1206,6557800
652,4791200
18030,9845300
12229,19918200
1779,8929200
2131,3047600
3273,6675600
1365,10095300
6450,10825200
8406,9329000
11984,9803600
860,10061600
1695,5834100
622,3217100
669,5686700
767,7241600
1685,4457200
1708,5150200
1724,38228100
1653,3681100
1938,11579000
977,13480800
717,5897800
752,6933900
1366,9765300
969,13778800
668,4567900
2269,7317700
547,1426100
929,11668800
588,2375100
5378,10627300
1478,13794800
3363,9684400
657,4311500
3442,11542500
901,11831600
1046,1161200
529,744300
665,5367700
14878,5908400
780,8251700
1671,4613700
754,7394600
1098,2914900
8201,2946900
2662,3752700
945,12386100
695,5351900
5143,2296800
2570,1472700
3689,4506900
13227,16152600
667,4727900
732,5998100
1174,4358600
1072,1779400
9462,9674000
10274,4158900
3151,3016500
8751,4190400
2761,6337500
2480,14101600
8627,15610000
1263,7281600
818,9136800
6837,7446600
2309,16439800
3309,8070800
775,8140000
4519,13755300
656,4370400
602,2712900
4431,11240100
570,1824700
629,3283400
946,13021200
4528,13806800
1688,4611000
727,5985000
642,3697900
598,2868800
1813,8407300
2495,13085100
994,14033800
16709,15864100
584,2735700
1984,16451600
1582,1978700
1080,2098500
1046,1397000
2433,12038500
1881,10241800
3879,9337100
722,6305300
556,1667700
11995,11099000
3490,13945400
4750,6132500
4921,12596500
4914,12946900
1122,3384400
664,4699900
635,3815900
10106,14123300
835,9179100
2151,3833600
4811,7379000
1394,10568400
6365,8005800
1758,7708000
1567,1525800
769,7429700
1082,2120000
1752,6373100
571,1819900
5535,12902000
638,3665500
667,4844700
1139,3638900
2336,8634000
3431,11005300
1413,11518800
843,9245300
888,10835700
3633,3008500
17328,19297500
564,2104400
1551,1119100
9546,12493300
590,2405400
2985,12551900
1292,7721900
2421,12490900
5545,14482400
851,9882800
633,3855600
1528,14962400
1405,10734800
701,6172900
2349,9917200
1792,7846200
4309,7214700
530,927600
10303,5906500
1556,1310600
599,2911600
610,3190800
1628,3152500
18458,8109500
527,738900
3296,7516200
654,4308700
1093,2660100
721,6047900
1721,5789100
950,12775700
6920,9367100
1029,574200
2360,14023600
3648,3007100
1360,10218800
1894,10254000
1673,4683900
4724,4988000
598,2724800
1905,11032500
972,12830400
649,3861000
1085,2012500
2111,2566600
1318,8144900
647,3769400
4281,6508400
1327,8574500
633,3911800
835,9222500
699,6539500
2363,9307700
1345,9235600
11308,4926600
918,11255600
533,978200
696,5750500
1588,2150300
5088,14583300
1688,4890700
6386,9172400
798,7666700
1788,7604400
577,2006300
602,2746000
1889,10001900
1411,11822100
601,2558200
1233,6607500
618,3029800
621,3222000
9934,9073500
563,28964100
2341,8528000
1098,2274300
1687,4392700
1765,6832700
2091,2105800
7341,6647400
7126,14255800
6992,12843800
518,643500
1294,8484400
672,4693100
612,2922500
3220,5126900
860,9648700
918,11248200
4657,2843200
2593,1765600
745,6635600
2986,12158100
1160,4271300
804,8061500
517,390800
2256,6899100
712,5647600
516,402300
6984,11284600
1887,10682500
546,1326900
1807,8688700
6641,1806100
755,7239400
613,2862200
842,9122800
3646,2803100
1410,11004400
13617,12690300
3057,14827000
865,10437300
1694,4686900
1026,421700
2193,4714100
2726,5910700
2789,7067700
856,9814300
1461,12794400
4749,5870400
2985,12574800
6341,7276300
962,12331000
1147,4021900
805,8011500
12432,8193700
568,1685400
2588,1773300
3314,7395800
9477,10296800
879,10164900
774,7257300
5247,5338300
3968,12079600
1515,14084000
2347,8943000
1001,13211300
12362,6412200
1506,13644800
3348,8650500
7985,11313800
2854,9283400
2005,14026100
4931,12262100
1512,14082900
4675,3504100
796,8027100
890,10997100
522,641500
769,7420100
838,9645100
2757,6163100
1327,8970400
1175,4616500
754,6805700
1529,14007700
536,847400
1863,10647000
3026,13654400
1429,12107000
1664,4756200
4079,14430500
10648,15423600
2790,7976000
617,3194100
2587,1612800
791,7730300
833,9383300
583,2193300
589,2321200
16051,10798000
2044,706000
8809,5953900
566,1902200
974,13729800
999,13262500
1012,13552500
2237,6169300
16511,9358800
634,3579700
2010,14335200
733,6458400
1123,3172400
647,3854700
10311,6285900
5178,3634300
3037,13739100
19561,10107100
1373,10647800
963,13471300
4128,2261500
581,2072900
518,456000
744,6585700
1689,4733400
695,5514900
683,4716100
1963,12999100
1088,2241300
2436,11698700
1003,13613700
7201,3321300
3012,13406000
5107,1454200
777,7592100
541,1026900
6813,6690900
740,6359900
991,14359600
6472,13854500
976,13130300
8829,6904200
905,10892600
1727,5611100
5227,5048100
2336,9000200
8203,3220100
804,8497700
2801,7200800
3327,8607700
1222,5710300
814,8886000
1131,3221400
1513,15118100
1120,3345300
5249,5717000
9254,4226300
7488,12108600
1856,9300300
15092,12526700
522,583200
905,11756000
1042,969300
647,3779400
879,9895200
587,2300700
759,6722300
2178,4178000
621,3328500
2727,5404000
2480,12336700
9085,13221700
10979,9562400
4255,5422800
12561,11311000
767,7087600
524,686300
2065,1389200
3340,8944800
4401,9682600
1009,42800600
2737,6594600
933,11497300
1000,14207200
2167,4326100
8602,14449900
655,4673700
748,7285300
5420,10810800
614,3319400
1263,7790300
1711,5753900
846,9668400
856,9409800
1754,6742100
7852,7002500
540,961300
1415,10939500
1581,1755000
854,9343000
555,1672500
2927,11386100
602,2748700
1101,2869400
774,7297000
6272,6753700
1734,7107100
578,2376400
6935,10147700
11417,8216700
3685,3805600
15059,11828700
5503,12881600
2303,7508600
1746,6065700
681,4793700
14450,7714600
1969,12336200
2379,10208400
8263,4821000
14110,11959100
1250,6290700
648,3970300
6348,7849800
646,3955500
821,8952400
8548,12579500
3539,13558200
4864,8697600
19716,15638700
1167,4343100
1185,4896500
1623,3126500
7791,5469200
5106,1415900
1213,6158400
566,1745900
6479,10831400
17975,7362400
2861,9237100
1379,10152000
2422,10909600
562,1555100
661,4142200
4513,13274000
3152,3816200
2358,10136900
829,8719700
5771,5625800
3306,7515900
1255,6773100
2484,13185900
1463,12228800
588,2398300
668,4395800
1494,14154800
1020,353900
858,10720600
9508,11381100
545,1408000
637,4825600
4875,9185800
12272,3533500
1642,3373300
1674,4201200
11603,13000600
968,13720600
1402,10521900
1541,716400
559,1448400
710,5381500
1104,2423900
6869,7891500
936,12540800
3205,5151700
5510,12132000
893,10997900
3847,9223100
2580,1809200
1843,10088700
1814,8951400
1296,9204700
3446,13448700
674,4683300
1024,401200
769,7368100
728,6278900
5621,1735100
8757,4568100
690,5548500
5938,10803100
815,8770500
637,3694200
4442,12015400
631,4182700
625,3279400
585,2439800
2418,11210700
2221,5394400
2935,11338000
845,9159100
679,5091600
3589,1342600
1059,1319700
575,2209900
746,6531100
612,2984100
4323,7923800
1844,9041100
1232,6027800
4714,4640900
762,6956100
1259,7044200
4554,13689800
761,6933800
6015,12186600
831,8589900
1775,6942900
1796,8256700
522,581500
8650,16334300
843,10644500
2616,2820200
3918,12094500
787,7966200
755,8323200
7820,6954900
2676,4195000
943,12301600
1112,2967900
12397,6891200
3282,7818500
1132,4203000
4291,6893100
810,9863900
644,3807900
553,1393400
4382,9792700
3819,7725600
5431,11650900
527,967100
1447,12588600
2231,6121200
1964,15305000
1224,6209300
633,3878800
1360,9978600
2195,4589500
839,9427500
1971,12531200
3178,4163800
2081,1832500
1569,1626400
2626,2793500
838,11884900
518,523000
3419,10705600
624,3346800
5256,5725000
2677,4563400
5173,3503400
958,13242900
1783,7286900
3960,38567300
1459,11555600
667,4381900
3753,6824700
2353,9133900
4488,12110800
4805,7975200
1864,9315600
1178,4593100
807,8543900
3862,9241500
782,7728000
2435,10968700
1932,11969900
2628,3583600
2317,8319300
1141,3547900
605,2748900
812,8878500
7711,3626100
1885,10505700
1245,6403600
2282,7764400
9931,8951900
542,1376500
681,5423300
577,2066300
733,6293800
3040,17328000
8177,2287700
3636,2581800
4450,12022600
14631,13747500
794,10177400
1688,5264200
2226,6175300
2841,9071700
2124,3259900
738,6282500
2103,2165300
4826,7342200
1307,7876200
1772,7244700
538,948500
830,8736700
4222,4657300
3147,3147400
18235,15203100
733,6143300
1507,13812600
4989,11861700
563,1583000
547,1147800
1070,1571000
669,4854300
1579,1688600
8107,13831200
709,6045900
8341,7057100
18010,10157900
2016,14418500
4027,16325100
12441,8301200
1307,8679100
1627,3307300
1194,5192100
809,7963400
3767,6358700
3292,6784300
2591,1649700
1932,12504900
8544,13624000
1116,2970300
2331,8493800
1276,7263900
14976,9980400
1627,2976400
1110,3019800
620,3390800
867,10107500
18576,10101900
519,479600
537,893000
665,5640500
1550,973500
2113,2554500
587,2755200
14571,10800500
755,6912400
612,2910300
1692,4845200
2018,13399100
3707,4417100
526,946000
3840,8179800
2097,2026600
2284,7382400
1550,1082400
1370,9683500
1610,2471600
713,5716500
525,551500
2868,9476300
2344,8610600
17410,5761800
1036,775200
6745,4385600
781,7381400
2793,7087400
2007,13458400
709,5489500
17948,7159200
566,1956300
6067,14950100
951,12227100
729,6491600
1428,12498000
1795,7762900
828,8729900
8877,8681800
1195,4885000
4218,4711500
1747,6447500
1958,11829000
1869,10085700
601,2586200
2445,11866200
2101,2324400
676,5121300
4043,14460700
974,14052100
1099,2699000
1737,5986400
17306,17279800
2729,5593500
841,9051200
1758,6753600
1490,13123900
800,8097800
1305,8076500
1028,505500
2139,3254900
16187,13655000
934,11587200
806,8047000
2337,8566800
1739,6374800
1756,6980200
960,12443100
7104,14291700
1077,1922400
3155,3322600
7225,3878800
619,3003400
8443,9637900
4772,6341700
6479,11913000
560,1780900
4074,14819600
650,3997700
1716,5640400
1786,7932400
807,8360000
5542,14040900
542,1304200
941,12244300
615,3193600
690,5579800
10704,17090300
10557,11900800
3510,13271300
1029,609100
2151,3792000
11464,9702100
700,5263700
4261,6372100
713,5957400
5802,7043700
15939,6768200
1532,432600
2197,5555300
538,1246200
1913,10867000
1553,1186100
1386,36184600
11091,12256800
2153,3492100
16694,15583400
814,8527000
1146,3797500
1163,4276900
1779,7251000
2913,12306800
585,2519000
2485,12667000
853,9772200
10490,10137400
1602,2253600
2403,10638500
881,10205600
12583,11850800
832,8859200
648,4103900
12327,5067300
1003,13802000
1351,9876600
1896,10336200
1365,9932400
535,1100100
682,4639200
1475,12741600
7000,11727400
5911,9709900
8020,12452600
4997,12370600
1104,2617600
594,2354100
683,4990300
626,4259600
3659,4059100
636,4258200
755,7187200
657,4244000
2376,11310400
4921,11711800
959,13391100
2852,9150200
12796,4000800
5881,8666200
1452,12199400
14927,7149200
1181,5092400
6184,3241300
715,5774300
2788,7449000
8191,2688800
3727,5488100
2574,1415200
3196,4658000
3871,11389700
1084,2140500
4711,4270800
4746,5327300
1277,7468600
3494,12980500
15744,15413500
1865,9545500
1013,14065300
8001,11037200
514,291600
2329,8209400
577,1915100
831,9049500
538,983900
2702,5125500
8718,3545100
1446,12909400
4984,11878300
967,12802700
1621,2816000
688,5171100
1775,8062700
1974,13320500
1480,13758100
860,9776100
2927,11391800
663,4576500
3760,6428400
3195,4254300
8997,10974700
1560,1258800
7226,4053300
646,4171300
567,1779900
618,3095200
1046,976000
2939,12307800
2444,12222700
6191,4062000
4030,14106000
1877,10899500
530,877800
4057,14161100
5100,1270000
563,1832700
1012,13450200
700,6307200
1130,3552600
1000,14074700
1451,12244300
556,1452000
1951,12390200
4039,13171300
18244,15635200
9892,8763700
5003,12348600
593,2395500
532,798600
1026,687600
1584,1791600
3514,13253100
4928,10463100
6342,8238400
810,8432600
9023,11891500
3159,4045800
11134,14619200
3981,12162500
1030,632700
4225,4744900
10885,6919400
1897,10040100
985,13355800
597,2598700
1415,11136900
12222,19050100
696,5247000
1005,16276100
836,9058500
5738,4729800
539,1028400
4223,5697100
528,885700
609,3017000
741,6447300
2065,1265400
2342,8689500
528,622700
858,9817100
3734,5221900
546,1114900
1121,3182000
2930,10601500
1110,2985900
963,13920600
622,3371300
14930,7219900
2820,8623100
595,2593000
668,4332000
1078,2035200
1513,13884300
1839,8852400
688,4812600
1518,14347600
8209,3236100
6476,10669000
1782,7331800
11492,9984100
1267,6791200
1195,5217600
4764,5798800
593,2386500
3771,6663000
843,8932900
5512,13060600
5098,14389200
9227,3292300
526,694000
1744,31170300
539,963100
19714,13484700
2818,7873100
1365,9332900
3185,4222500
704,5528700
1941,11708600
521,498200
653,4054700
1028,602700
3065,974600
1044,965100
3149,2916700
1312,8650200
868,9876600
5199,3743700
661,5516000
10977,10678100
705,5380600
5960,10509600
2209,5325700
510,229900
518,398700
1513,13615200
620,3173700
1581,1889100
2394,9905000
942,12087900
1326,9206000
1832,8668300
4638,2416000
2611,2236600
1672,4411700
1413,11746300
561,1819300
896,10875800
1019,14816600
18555,10094400
1261,6707300
610,3254800
859,10027000
6675,2806400
5229,5581100
4065,14450100
745,6582200
1180,4681000
1808,8219800
3716,4832400
1212,6042400
1059,1528500
1787,8777300
1890,12707900
4488,13236600
1301,8702000
839,10337100
5384,10756600
3130,3447200
2175,4504600
1357,9782600
3871,11739800
738,7004400
5465,11269300
1249,6532400
9132,16226800
2880,9904700
10524,10822700
11838,5802800
15459,7585200
896,10873100
2144,3284200
869,9893700
1138,3625700
603,2877100
3122,2398800
4377,9431300
567,1680700
3731,5054600
1183,4493900
3273,7417100
3065,868300
731,5918400
1052,1114400
9019,11792000
1443,11709800
2573,1212700
1845,8909400
10455,11429700
3494,12895000
882,10360300
3024,14959600
882,9985400
738,6990500
17735,14754900
7254,4660000
4172,3474400
523,596000
2865,9173500
1123,3410400
1259,6987600
881,11770700
890,12929300
3962,11899000
1673,4212800
6304,7487100
609,3218800
1972,12547200
1092,2527100
1871,9799700
3138,3103100
1602,2323200
1099,2551100
2823,8781400
1097,2678900
2316,8654100
1155,4052900
2840,8504400
15220,15221400
561,1743600
842,9447200
922,11677800
1517,14303800
1825,9362500
1238,6698400
3611,1928300
518,368900
10632,14640400
1752,6344500
598,2704500
894,10785100
611,2829000
651,3965900
887,11057500
1022,317700
7818,6583500
1894,11220500
619,3239100
1594,2156000
1171,4306300
1103,2426000
1143,3495800
5193,4069400
2216,5274000
821,8733500
671,4473700
4416,10408500
1800,8110300
632,3526600
1216,5839900
1684,4634600
600,2832900
2004,13637400
711,5519700
849,9750900
5873,8975400
990,15328600
8777,5372500
5908,10904900
2533,14198500
4598,1460400
10047,12540100
4731,5637400
4959,11553600
616,3045500
1558,1039900
2495,12930900
735,6245800
875,10349800
1345,8983900
554,1343400
7401,9640800
2702,4635800
741,6660700
1570,1448800
622,3430900
691,5150700
15755,15768600
1106,3203600
1497,15009400
1862,9434700
664,4370000
1082,2005200
2580,1427600
1098,2430800
1748,6448500
8758,5081700
3734,5213500
969,13004500
1781,6997600
2325,31436900
18817,16333500
1736,5817200
10413,8140400
1055,1389400
4492,13481000
813,8401900
4814,7336000
856,10323400
4508,13182600
5517,12321700
563,1680500
1442,13099100
1611,2643000
3077,1160500
539,1048900
762,7032200
799,9543500
2468,12881300
598,2598600
654,3920900
1225,7154300
9356,6878200
789,7763600
1400,11142600
7047,12712900
5703,3941000
3839,7697800
1130,3291900
1168,4256700
774,8999400
752,6875900
4389,9377300
2615,2513400
682,4772100
2721,5479800
7963,10770500
1198,5305000
11845,5858400
865,10665100
2848,9146500
797,9053500
998,14713000
749,7694500
1479,13953100
2146,4185900
4486,13613100
1661,4228600
742,6630400
1650,3907600
669,4551000
12190,15295000
1798,7876700
4283,6767100
1472,13021100
4679,3673200
3271,6992600
933,12079000
703,5736600
4864,8233100
648,4068700
929,11795400
1527,14786800
1354,10181200
1197,4988700
794,10503800
1112,2939400
2702,5039500
922,11420100
647,4109300
1091,2275900
1487,12854700
775,7986000
972,13781900
871,10120600
2179,4278400
904,11300600
575,1941000
2307,7954800
695,5421500
11917,7958400
945,12320500
10914,7951600
4090,1204100
1327,9599100
742,7256200
887,10313200
531,747600
727,6130100
1607,2712700
838,9846800
666,4795300
2925,13447200
2530,14553200
1435,12439700
732,7590300
10561,14401000
891,11144400
13811,4213600
607,2951600
7110,15336600
634,4048500
962,12884200
551,1291800
10437,9416600
2415,11261200
11228,2806600
1135,3535700
2596,2082900
3501,13367400
11392,7035400
3081,1236100
1368,9615900
3177,3937300
1743,6035300
3323,7957600
3902,9597400
4503,12703800
983,12948600
1318,10673600
876,10158500
859,9606000
1628,2971500
10464,9336600
9607,13429200
4850,8084400
2557,778800
5626,1536300
2315,8682700
856,9716400
2875,9516500
1376,9946000
875,11119500
1002,13598000
8314,6254700
3191,4099600
9370,7118000
3497,12819000
2294,7737000
1489,13334500
3854,8324000
8937,9355500
2880,9305900
536,858000
1008,13634100
1341,9061200
1991,12714000
966,12915800
1133,4098900
1055,1336700
3596,1535600
876,11666100
6341,8623700
859,11675600
3390,11614200
887,10910200
701,5702300
539,1165500
856,10261200
8932,9383400
781,7736200
756,7178600
6468,11554000
705,6472300
2297,8705000
6832,7720200
1684,26180200
2832,9550400
1085,2299600
2604,1985000
912,11237500
1158,4037700
1274,7994500
851,10102100
1235,7129200
2776,7174300
10166,17135300
1403,11210000
5766,5421300
1443,13257800
3661,4051500
3237,5484800
660,5016200
733,7706600
4201,4590600
1925,11934100
1318,8583500
981,13139900
13556,11259500
2890,10574200
2689,4602300
1340,9812200
996,14231300
3501,13419400
545,1554400
1566,1449100
4128,2208000
1643,3402000
2101,2161900
5247,4889200
2972,12760500
1280,8129500
2128,2819100
2599,1835700
2561,955600
977,12768100
2401,10524700
5178,3251200
12512,10166400
2220,5712500
2782,6886000
1020,266500
6351,7845500
12706,15944000
1999,14492700
1605,2658200
1189,4961700
5454,12720700
568,1864200
7055,13137100
611,3098300
699,5629500
1563,1332900
2176,4139700
617,3056500
2114,2757300
645,4012200
632,3535100
1324,8561800
9827,6200600
2193,5609800
1023,483800
631,3821300
4544,14195100
718,6339300
5697,3726800
5137,2233700
599,2790100
554,1378500
531,714900
658,4179000
682,4671600
732,6809100
1789,8191200
672,5234000
1887,10655400
594,2833200
5054,15409900
6122,1753000
18303,17615100
3345,8478900
1764,7620800
559,1511400
8271,6300400
607,3496200
3118,2763000
721,6212600
15685,14547400
547,1348800
3124,2415400
3354,9654000
935,11995100
896,10363100
526,771600
534,918500
7402,8510400
631,3482800
1196,5001200
1222,5719300
13435,7787900
3955,11291100
1098,2446000
15474,8051600
688,4981000
906,11253000
3258,5798100
2195,4739900
2172,4282800
1242,6393100
1835,8803800
5133,1958600
840,9035200
1417,11982000
739,6561800
2193,4726700
925,11313700
1009,14206700
1573,1541300
1197,4822700
4460,11836300
2602,2248800
932,12069200
645,3856000
921,12300600
2674,4136100
721,5972100
633,3490100
950,12128100
1375,9929900
5663,3057900
2342,8583800
696,5225600
2298,7557900
707,5290600
743,6585900
4135,2583300
714,5696200
1617,2630300
3249,6379000
9953,9811100
2766,6943000
558,1518600
1122,3156400
9074,14270400
2472,12710700
9270,4368800
1500,13527100
9380,7753600
1391,11025800
1499,14367300
17964,7526400
3203,5377800
2822,9665300
525,587900
1030,613700
831,9255800
1906,11183200
4735,5195500
4058,18783200
1057,1366500
1144,3872300
3327,8922600
1747,6353300
807,8314300
6203,3663200
4530,13584000
656,4416500
2311,7833300
1071,1790200
1167,4294100
817,8381300
603,2742900
5450,10702200
519,483300
13423,7989400
519,502700
2093,2243300
11990,10390600
879,10394900
9888,8947600
1021,350900
878,10179200
5499,12287900
685,4751400
3575,904300
1396,10771900
3080,1404800
560,2091800
2108,2970600
1598,2295200
1098,2354000
11173,15728300
1280,28772700
868,10984100
4066,14786300
2444,12274300
18302,17305800
1964,12359900
1741,6618400
953,12481000
11012,11584800
645,3969100
764,7190800
629,3442500
1716,5248300
1550,992000
1881,9903000
573,1858700
1183,4996300
575,2444200
648,4129800
2496,13090900
1528,13816500
2550,643800
1586,1869500
1376,10256100
13845,5775700
2418,10908800
705,5408700
673,4669200
981,13150300
9799,5609400
1044,985500
1424,11066400
716,6054100
2521,14627000
861,10038600
597,2650900
863,9975400
562,1618500
10461,9434900
8166,1864000
546,1421000
1278,7145900
764,7096600
3748,6379500
7251,4667600
1941,12402100
585,2354900
566,1673700
2252,6758300
529,691800
7533,13454600
3406,11178000
1979,13223800
2886,10297100
585,2225600
3806,6981400
2519,13733300
6932,9936700
549,1265200
7356,7834800
2204,5189300
2534,14193300
662,4783500
812,10409300
1632,3348200
654,4183400
821,9582200
10190,16057700
595,2514800
1725,6446400
942,12772700
2843,8470600
1232,5974300
3833,8574600
842,9124400
2499,13998600
3285,6739200
4074,15415100
1209,6210300
1788,7698000
1567,1386200
972,13379700
1431,12627400
715,5855700
6855,7942200
1947,12859200
1122,3492700
4678,3538100
1407,11726600
1076,2044100
687,5385800
3683,4099500
3625,2325600
808,8969000
1722,6344700
674,4924000
750,7054100
731,7289500
737,6922000
6730,4429000
1965,13129200
4177,4695600
616,3153000
4637,2572600
1010,14037900
2863,9061800
4628,2303900
1007,14539500
2983,13391400
3910,9982200
4476,12487100
8531,12658900
5335,7567800
1042,873200
686,4922400
4900,9421600
1505,13463200
3985,12483300
926,11512500
15977,7946400
3525,13519800
1216,5815500
15652,15382500
707,5477800
1993,12816000
12942,8124600
3368,9643700
725,6378000
1176,5007300
766,8520800
1450,12003900
741,6362900
1960,11891100
781,7593900
924,11922200
4927,10565200
603,2757800
843,9229600
2704,4830800
632,3599700
555,1417800
1303,8420900
574,1838000
2832,8514400
1172,5534600
1260,7267000
3951,11603500
1419,11172200
1168,4732300
1458,12119700
565,1702200
6368,8784400
11965,9068800
3358,8796500
559,1738400
1004,13875600
6643,1790900
805,8208000
1614,2669600
5396,9149400
5164,2832100
633,3486800
1080,1980200
1921,11092400
585,2303100
5571,14917400
678,4543100
880,11116400
2056,1004600
1509,14608600
3012,43711500
3472,12116900
740,6197800
17800,16150700
2575,1303300
1229,6275400
706,5341000
959,12461600
5492,12294200
10830,5783400
4366,8742900
2537,14623200
2409,10199800
1681,4434100
1201,5568400
4472,11797400
4612,1596300
3032,14014300
802,8682200
3049,14228900
800,8023200
535,958800
4445,10873600
1205,5498000
3936,10797600
1580,1756300
611,2991100
3280,6954600
1789,8873300
9371,7530100
6517,13079800
954,13011000
1805,8095200
786,7864000
1717,6535200
3923,10300200
1063,1664800
10254,4111300
962,12256700
2189,4470400
4770,5674800
13333,5275300
3088,1665900
1020,236000
2201,6029100
685,4896700
1567,1434500
5420,10284200
1674,4280300
6124,1607300
5747,5545900
649,4068800
17359,5238200
1203,5425600
5517,12355000
1875,9561900
686,5187200
525,629400
3741,5396700
753,7079700
1144,3850100
1065,1669100
1204,5204500
939,12090100
682,5133000
637,3560100
898,10778900
9129,14848000
13319,4494400
2411,11125800
893,10469600
917,11147900
3214,4995800
11294,5202300
2034,14972400
7703,3226300
2834,8767400
2570,1200800
1463,12684500
1201,5252600
8055,13416100
4780,6420400
1645,3828300
10662,15153900
2081,1635100
3727,5006000
973,13479300
1577,1990100
1751,6309600
925,11037100
1113,2805100
2618,2958200
2726,5691500
6960,10335800
1278,7394200
19156,12040600
1382,10144300
1977,12780600
2480,12467600
2106,2534500
1725,6430500
1893,10628300
662,4592100
1059,1388400
652,4537800
1498,13591700
9378,8683000
8081,14362600
1618,2852900
634,3602000
872,10233800
1522,13763000
701,5300900
6183,2966800
6765,5180100
677,4909600
2431,11039400
6041,13036200
10814,5365900
873,10119700
1341,9537500
5217,5339900
3316,8103300
3450,10960400
2385,9908500
522,545700
10447,9271400
5674,3095100
792,7620600
4621,1991900
8212,3216300
565,1978800
13740,16685700
1248,7079500
12578,13272300
1245,7799500
598,2784600
674,5021700
18074,10730700
2414,10710800
1602,2502500
3838,9003900
2595,1913900
823,8456100
829,9228800
1302,8446500
7432,10203600
773,7902900
1910,12621500
1539,922400
666,4433900
778,7619800
733,6551600
7561,14423200
1461,14129400
740,6803600
657,4469900
533,1051600
862,11297300
4220,5167500
623,4029000
816,8954800
554,1909000
690,5564800
9385,10082100
765,9631500
1464,14144100
510,192400
667,4787400
12303,5948100
967,13376900
8153,15614500
4324,7713800
7361,8703000
2322,8422800
656,4471100
678,4899100
6693,3222500
643,3794700
3790,26760000
4710,4556200
4382,9456500
1472,13786600
574,1972500
3407,10476200
773,7578700
1775,7343200
1605,2509900
3152,3806500
784,7317100
1811,8146800
18087,11035800
7451,9991400
653,4606400
4881,9137100
696,5493600
14841,4582400
1484,13417100
14860,5363900
10022,12055600
1198,5017300
13047,11914600
573,2054400
617,3337300
892,10879100
969,14168900
1143,3845200
12858,6154300
703,5517100
2786,7521700
2873,9328600
10745,3274700
2304,9576900
1551,1001900
1282,7211200
1237,6453400
4913,10515400
1176,4497700
10261,3823400
1473,13112800
21414,19867100
1421,11188100
6880,9480500
685,5959400
4697,4235200
7000,11840300
5446,10658400
513,305400
4653,2528000
984,13176200
1446,12383000
2449,11397000
944,14054400
515,329200
727,6859200
2908,11941100
5987,12962700
643,3969200
3058,15635700
1851,9561100
653,4803200
1646,4023400
564,2037500
1716,5664900
547,1395000
591,2498000
7274,6407800
5983,12374600
6377,9676700
11828,6779500
1875,11952000
1985,13109900
2778,6945400
840,9321300
7082,13766000
1769,7191200
1085,1970800
2625,2507800
3148,3425300
7192,2930600
3815,8263200
7781,5591000
1010,14925300
2052,1012000
4568,14345100
1379,11261600
574,2325800
664,4571200
548,1256200
6053,13453100
551,1498400
2338,8617800
8910,8291700
2733,5668000
2471,11810700
1203,5653100
7610,14001100
3103,2228400
7987,10708100
1520,14581800
894,11555500
1187,5018600
3113,2180600
9225,4048800
1554,1126100
575,1972000
1347,8741900
4559,14222600
1345,8942000
3407,10319900
13774,3153600
7121,14962000
523,716100
612,3097200
2941,12405500
3083,1322900
11741,3161500
5133,2011900
2537,15584500
1246,7209400
17358,5938400
6519,13626900
979,14115300
3023,14273700
759,7532600
1143,3878300
1104,3042600
807,9047400
1676,4911800
748,7903300
3118,2326200
1849,10014200
2858,9832100
796,8271600
3018,13775100
6889,8991300
16322,3645700
1784,7712100
634,4018800
872,10039000
5389,9159900
615,3065500
1512,14470000
1997,12818400
6607,15541700
532,795000
17037,9522900
1110,2706800
1054,1195000
713,5580700
1027,478600
5135,2090100
682,4764700
1132,3271700
719,5871300
3932,10817100
8938,9776600
6561,12809900
1615,3210400
1174,4367500
2553,663800
612,3080500
895,10529000
3550,13975800
924,12455400
854,9743600
810,8571800
3690,4170000
3889,9642700
844,9175000
1934,11805500
6917,9035400
2617,2470900
638,3504000
733,7062300
1724,28102500
873,9953500
735,6073200
1935,11571800
2261,6262900
6185,3571100
1223,6132700
3050,15299700
987,12918800
1478,13506900
970,12602400
1566,1530400
562,1745000
752,6561800
992,13528700
2098,1977400
5794,6185300
1081,2150100
2415,10483900
1032,739400
7440,10121400
992,13647800
4666,3175600
2770,6634700
954,12522500
14311,4131600
5302,6362700
1658,3970600
535,886500
1987,14125300
627,3785700
12221,16413300
4654,2782000
947,11782600
2322,8721300
11047,12800700
3763,6296500
1543,725400
2948,11525700
8030,11715800
3927,10991100
5452,10812300
8193,3239900
721,5786100
4487,12569000
17630,12009200
15437,6758500
13206,15157400
1840,10858800
9785,4882600
881,11262000
658,4051000
1016,14085700
615,2912400
748,6801100
1752,6588200
7202,3132300
1100,2814700
1160,4239600
1973,13005400
10984,9791000
1696,4917300
716,6312400
729,6434700
1825,9657100
7269,5241300
2278,7092500
1756,6851600
1729,6029000
785,7390000
850,9743500
7298,5678600
6124,1505300
691,5618900
8804,5555000
556,1465300
2175,4112300
613,2905600
816,8740800
768,7825500
1104,2862700
972,13608400
4764,5590600
5006,12600000
1430,13242900
1541,942300
813,8787400
644,3864600
8864,8293900
1280,7719500
2869,10834100
1618,3452500
7300,6637000
4069,15443200
10980,10443000
3755,6569700
2131,3075500
10958,9023600
10822,5567900
971,13998900
551,1278200
840,9626200
10187,17398400
763,7080400
1300,8375200
13031,10524200
1429,12064900
894,13243900
729,6607600
577,2016400
622,3977700
751,7018200
4487,12462600
3019,14111300
1571,1645700
7232,4005800
982,13574300
772,7532900
2393,10556600
1332,9322100
3057,15186700
3853,8634500
2916,10695400
3590,1364200
15872,5366200
1025,521900
4847,8113200
3765,6664300
1342,9509300
1112,3261500
668,5088600
1019,15479400
10552,12947600
5516,13503400
520,623900
1246,6660800
1788,7510100
1229,6230000
1736,5849200
6347,7516000
2473,12856800
850,9886000
5918,11095600
2251,5994200
836,8844100
5586,14955800
1201,6480900
1138,4253300
1369,10363300
1107,2963500
1906,10479500
12887,6879400
4023,13992600
2917,10489500
1296,8111300
685,4940600
2307,7988100
5916,10003300
911,11119100
1028,553700
12122,13669900
5881,9534000
2396,10465100
556,1372500
11939,9242100
4229,5000700
1051,1136500
1699,23360600
1290,7733700
3768,6248200
771,7425700
2245,6368600
911,10816100
1721,5799900
1312,8137500
1932,11859900
4725,4667700
733,6420200
1675,4425100
716,6479800
825,9488700
3302,8973300
2347,8479400
11157,14790900
864,10557700
14121,13507000
1171,4972200
1329,9884200
3236,5403500
683,4923300
510,146300
756,7396900
7585,13812600
1692,4620300
570,1931800
1254,7017000
981,12986600
3583,1220100
2048,676900
613,2922300
569,1754600
1627,3005900
5291,6201100
8280,5632900
1232,6854900
2506,13094200
4013,13267300
639,3584100
691,5230800
2340,9177900
967,12880400
1603,2325700
7009,12250800
1114,3037900
2135,3232700
2453,11958700
2782,6783800
616,3381900
728,5942600
3765,5928900
766,7392900
765,7041900
17550,9974400
2712,5178200
535,892400
12827,5381000
1172,4387200
3694,4304900
991,13026400
9756,4145500
4763,5940500
3920,10758300
761,6899300
846,9275500
2618,2719900
1013,13984900
1807,8056600
930,11715200
2050,899000
8167,2049900
1322,8547900
1379,10514000
14411,7107900
4398,9576100
2128,2848600
4486,12112300
598,2713600
5983,12481900
976,13141400
3041,14110700
546,1190900
1675,4386100
7756,4609100
7776,4914400
759,7047700
11176,16756300
1152,3819000
527,581200
591,2738400
1621,3030900
1826,8514500
660,4379300
1152,4047800
703,6578800
624,3570200
1741,6246100
2330,8419200
589,2257600
1143,3946900
1483,13380200
3975,11747100
1918,11106300
1362,9609600
529,908100
1472,12811400
1023,635700
747,7182000
1914,11850200
3215,4979600
1984,12756100
1642,3503600
962,12805900
664,4292100
2860,9439100
5592,15742400
1970,13679400
1371,10259500
4991,12767700
573,2016200
3274,7370300
826,9707900
613,3788300
555,1533100
745,7372400
1333,9008700
695,5102000
882,10929100
633,3516400
2469,13561400
895,11362900
653,4182900
597,2632000
1334,9331000
1822,8702900
906,11798100
542,1092700
2679,4452000
5225,5439000
734,6823600
1658,4291700
973,13285700
1820,8454700
1572,1914800
8271,5469300
1406,11920600
770,7567400
743,6833900
2687,4789700
1096,2496000
1030,554700
763,7018300
917,11557000
14863,5378000
1158,4055000
3689,4047000
1121,3118100
4536,13479300
2597,1858500
625,3459400
4759,6012300
6634,1989600
1122,3704600
6086,16181900
725,6397300
780,8328200
863,11139000
616,3164000
949,12226700
5336,7803800
1642,3739100
571,1888500
5212,4399400
1072,2144800
3311,8030300
4848,8859000
4025,15174000
3027,13427900
1945,11465900
7511,12564900
1590,2085000
6582,14048300
9759,4213600
600,2518200
7461,27474300
2037,14224300
918,11026300
520,470200
1386,10028400
1086,2278300
5432,10803200
6202,3913700
890,11087400
1540,770200
3752,6418600
628,4454700
3569,14600000
1923,11531700
637,3769600
1271,7160500
19455,7031800
568,1737200
619,3025100
3925,13331200
553,1329300
616,2890800
7997,11862600
9076,13822800
1111,3221900
3534,14548800
1285,8938600
5009,12233000
18220,14471900
9987,12532400
2650,3478500
1031,718900
2109,2540200
936,11748100
2350,10249700
4014,14169300
1215,5510500
4024,13245600
565,1867100
1137,3930700
855,10279200
12588,12326700
4183,4088000
1237,6333000
2944,11942300
886,10789600
1118,3144900
2394,10186000
1298,8238800
900,10541900
2032,13619500
898,10678300
623,3333600
6036,13566700
2369,9651100
1085,2103800
1707,5297500
10637,14259000
5441,10688500
1044,981600
2719,5577500
649,4172500
821,9009300
1022,371000
2638,3202400
1157,4581200
1350,10515900
870,11520200
1625,4469800
1005,13905900
1135,3769700
992,12868600
3478,13228500
3206,4684300
1633,3214700
785,7334600
5862,9213200
578,2162000
3592,1337100
3514,13407900
845,9242600
660,4632000
826,9362300
17983,8892100
15802,17554600
892,11434100
2236,7170200
12373,6544000
1437,11622200
606,3036900
12892,7003200
1498,13684800
11896,7814600
1033,764100
876,10400100
1902,11214900
1674,4906800
8081,14314900
547,1299800
1246,8089900
1043,983700
1503,17470300
1544,832100
6174,2888800
6773,5681500
15071,11492900
2674,5827900
1050,1403000
3840,9372800
1024,490500
4339,8727400
1104,2622800
921,11281500
764,7467800
3449,11579400
988,13208000
4813,7191400
5295,6503400
833,9246100
934,11115000
866,9591200
1586,2021300
667,4284800
903,10807600
1653,3709500
6128,1781400
13922,7932300
5620,2077700
895,11589500
3449,11630600
5570,14394400
875,9991200
1437,12258300
1668,4295500
710,7060100
899,10877100
1194,5218700
2899,10838400
822,8847600
9304,5596000
1715,5742400
754,7230800
2577,1429200
1985,13572000
6355,8465600
8943,10068200
837,8851700
3793,7216600
639,3660900
578,1957400
3338,8127100
909,10965400
1015,13975800
1247,6375900
832,8835700
1872,9834300
6679,3362300
15128,13715900
806,8199200
908,11085500
609,2788100
552,1275800
1005,13926600
604,2861600
612,3088400
1540,707700
15980,8437900
8673,2169800
3909,11259200
2774,6865100
746,6538100
14295,3610300
1863,9382100
15369,5614100
672,20783700
681,4874400
1720,5433200
4169,3426200
1197,5231700
900,11264800
532,981700
4292,6610200
763,7576500
11991,10250100
907,11808100
2908,10733900
14579,11218900
3161,3556200
2092,2258000
5520,12885900
13150,15686200
867,9906400
2086,2268500
908,11065300
1595,2482600
754,7071600
9146,15607100
749,7199700
1804,8442300
2679,4255200
654,4494200
2699,4874700
2186,4505200
1222,6220200
558,1500700
1027,530500
651,4140700
1154,4965700
698,5989300
3126,2965300
3212,4959500
16651,15168100
4294,7658800
1273,7094100
859,10083000
11951,8603900
9689,16175500
5786,5911100
1300,8147100
766,8249700
3304,7683400
1017,14608200
3591,1526800
1678,4766200
809,8893500
5707,3913600
4180,3566000
2873,9318500
5130,2089100
958,12358900
666,4996800
2306,8413900
5567,14569600
7784,6175600
1891,10015400
795,8747500
2621,3025500
5808,7446900
1882,10066900
2501,14611900
824,8768300
1547,833200
524,627800
6190,3413700
7336,7182900
13858,5349800
817,8837000
3968,11979700
15080,11211300
746,7228500
1208,5882600
9252,4080200
775,7344500
2124,3004300
1210,5736600
5592,14703300
2269,6702000
1790,8236300
1746,6664600
1416,12190400
1707,6071900
3716,4912000
14320,5316900
9005,11253300
751,7385400
1207,5429500
1985,13327600
987,14428400
675,5051500
1520,14530600
1907,11792200
10352,7459000
2066,1684900
2364,10932400
552,1330000
584,2160900
2841,9319900
4064,14546800
787,7453000
3679,3840500
779,7283400
834,8749200
2249,6441500
11661,15382700
2330,9352600
8028,11653200
610,3448300
3441,11071700
759,6940800
727,5934400
1124,3279800
1797,7607200
4308,7016000
932,12505900
560,1689400
5708,4299000
6917,9831800
537,870400
14687,15051200
931,11693100
1946,12106000
1161,4111100
3103,1812900
5270,5812800
3291,7045100
1217,5458500
766,7662400
771,7480400
792,8121600
3217,5180100
1031,619400
1508,14139400
1010,14059600
806,8625500
3316,7706900
825,8999700
2320,7995600
1789,7923200
1580,1912200
6219,4079200
7962,10547600
860,9710700
2158,4055500
9754,4602300
994,14245100
2091,1964500
520,456200
740,6611100
9444,10020800
6429,10721900
517,391700
3321,8644700
19068,10194600
2607,2432000
3291,7086900
3107,1913200
793,7942700
1365,10210200
4533,13605800
920,13114400
858,9668100
1147,3821100
754,6541500
796,9045300
1495,13161900
935,11379700
523,577700
11607,15006100
8194,3754100
5115,2076800
2469,30061200
795,7765500
958,14029500
7720,3724000
7200,3436200
943,11720200
721,6500600
2533,14817400
3745,6363400
2893,11166100
3751,5971800
6005,13199200
531,958000
9845,8555200
1990,13101400
11452,8664400
1019,14932600
865,9946400
1105,2631700
1073,1689300
932,11793800
1029,684800
