32201
14265325
14537898000
1646,11069300
15662,8700400
902,4157400
471,5881000
633,3578000
381,3581300
2880,3183700
376,3464600
282,828100
2841,1975100
1228,5868600
1268,7545200
344,2666300
4805,7516500
1316,1669700
1052,1291900
415,4401700
326,2116600
404,4258200
458,5973100
7317,7647700
504,6959900
1103,2624700
590,2327900
1199,6333600
1001,7559700
842,2341000
300,1579500
275,704000
6596,9187700
617,3052600
288,1007500
738,6676600
797,1300300
307,1598700
389,3727800
939,4915600
2745,6250900
2292,844300
4190,4586300
326,2150600
301,1377000
664,4786800
488,6959600
285,942400
761,7495800
3415,4286700
3124,3269000
801,1803700
423,5122400
12423,9942600
3084,1908100
475,6645000
3415,4118100
459,6114900
1589,2253000
1012,7155400
635,3759400
1745,7301200
315,2153600
9416,3632500
1249,6937600
821,1888900
368,3326100
857,3038700
7476,5251700
987,7122800
511,369100
2370,3302400
1024,551700
10373,10184200
2195,5807000
1265,7297000
12552,6560600
285,987500
587,2573500
3737,5953000
3402,3653700
482,6574200
13575,8699200
10579,7428900
415,4806900
3979,5592700
399,4124500
1532,652400
1161,4918500
950,5207400
19066,6010300
3523,7273500
582,2268200
433,5178900
11573,8368700
626,3519000
8034,7354100
3517,6968700
8120,9303500
281,855800
1785,846100
1273,563400
362,3261100
766,434400
430,5069100
677,4987400
4084,1649900
8352,8412200
10361,8558700
10257,5544200
516,420000
653,4739500
4115,2657200
2270,7669300
14468,12369400
15821,7479400
4343,2404400
865,3030400
380,3946700
883,4009900
1104,4373400
339,2845200
644,4034800
3793,8122900
4333,1844200
451,5787100
2493,6360500
367,3122000
3397,3499700
3139,3205500
472,6290600
14109,8275400
806,2036700
1437,5382900
1395,3750400
3354,2391700
771,532800
3645,3686800
488,6506900
439,5240100
8962,5415400
384,4408200
313,2048600
1220,87707000
1455,5323800
2550,956800
358,2864900
9634,8882100
913,4302800
957,5390400
2727,5952700
9152,2994600
710,5792300
424,5061800
1873,3114100
275,673800
10774,5750900
369,3495100
8066,7864600
403,4609500
629,3927800
1156,5334500
1141,3940300
673,5265600
342,2551900
6041,7459700
3808,8386900
6345,8826600
3514,7281400
1097,2542900
315,1841500
255,261900
2765,7820900
1734,6316200
508,208900
655,4050700
1434,5704300
488,6730900
13934,9720900
800,1254000
2229,5660600
10932,3448500
1517,7375300
1022,492200
641,3963700
2276,7858500
395,4107000
327,2204900
721,6122700
5894,3002500
14451,10996800
1301,1431300
587,2343000
257,204000
16801,6024500
5079,8229500
13432,10008700
397,4620100
286,1202400
1334,2132300
328,2139600
1458,5788300
1661,4404800
451,5927000
1303,1265000
378,3544000
17309,6189100
287,1040000
10951,3731900
423,4877900
548,1306800
348,2713500
871,3425900
13307,6084900
306,1765200
13934,9414200
4247,6360000
608,3219900
554,1427300
4170,4110400
1429,4648300
357,3023700
3273,6773300
352,2704100
1007,7445400
10634,9423000
390,4199500
2087,2194500
535,1141700
1204,5342900
1334,2102000
2360,2789800
6792,7559400
401,4282800
422,4722200
4442,4607600
14292,6702300
1347,2701000
14583,7007300
901,4094100
510,249600
277,729500
2190,5258600
264,418700
524,636100
958,6106400
263,408500
6729,5524600
7063,8203200
357,3383100
313,1846700
257,256400
352,3014600
3237,6062400
1359,3155300
447,6406700
893,3941500
9012,5913400
1083,2354900
282,864200
336,2439100
1065,1694100
603,2907700
311,1714000
261,439200
533,905000
4327,1546900
3613,2831300
697,5338300
522,587500
2166,4348200
1234,6636600
11241,6653000
565,2198600
727,7184700
3252,7488700
5346,2266000
13759,5682200
261,415300
2851,2763200
1507,7379400
15372,8559800
2373,3189500
1281,764300
1601,2666700
4877,2790800
9015,6663700
400,5149900
314,1878300
1541,1233200
328,2334200
2930,4852000
6938,4026500
462,5950700
2092,2229100
3139,3440900
793,1170400
2568,1494100
678,4844200
1846,2438900
684,4975800
2580,1868200
2619,3347400
8014,7028600
1229,6616000
395,3826400
7006,6328000
380,3464000
3291,7730000
397,3902500
16396,8376300
6508,5966900
666,4295000
2370,2914100
328,2372100
6586,9512100
3332,1850500
364,3186400
716,6345100
10178,3994100
4373,3361300
974,5889800
1192,5045600
14229,4610100
806,1569800
3500,6784500
416,4470300
925,4524300
5264,6674900
4721,5361300
656,4078200
2518,7429000
3284,6965700
4277,7422600
5181,4206300
1025,721500
326,1952400
418,4907100
14741,5575700
344,3062400
906,4338200
476,5979300
1217,5724000
661,4567300
680,4907200
8329,7693500
385,3893900
978,6257900
732,6628900
1037,912000
316,1783200
497,7445500
1708,5679900
5588,1658100
3636,3346200
304,1586200
1712,6147900
310,1839000
1969,5986900
4622,2710000
1577,1858500
257,268900
472,6358400
2232,6295600
3539,8298700
1521,7360700
543,1667300
547,1337600
1276,627000
761,7570400
1060,1585000
365,3164500
645,4927100
1304,1507800
462,6633000
643,4201000
711,6232300
404,4331200
4879,3083900
1795,1189200
3862,2532600
283,910500
497,6959700
705,5736800
1472,5935700
12565,7121900
545,1212700
639,3864200
260,412200
318,1849000
4798,7882000
388,3827200
14433,12121800
404,4840700
354,3254200
923,4589100
7641,2670600
1624,3586300
944,5597400
399,4284200
711,7016500
861,3554200
1423,4622700
4503,7256000
285,1079200
452,5757600
588,2350100
423,4581700
1920,4873800
12676,10094300
8791,7825600
279,818200
411,4616600
861,3279000
1384,3371700
1608,2785500
777,950100
338,3089400
2543,922600
381,4803600
872,3231900
1248,6805500
1150,4523400
286,1264200
686,6652600
2945,4778300
2793,7716200
7012,6027300
363,3139100
767,437400
1052,1463800
1064,1885200
869,3668700
738,7467500
738,6864100
569,2018100
1208,5699500
2529,169110500
1453,5573100
356,3291600
426,4865800
377,3421800
265,395500
16060,6512000
718,6762500
2777,7699600
2487,5928700
1270,410900
988,6866900
4746,6470500
641,4633400
369,3897300
3143,4096400
322,1912100
4156,3767800
1716,6269200
874,3737900
480,6801900
663,4894900
620,3339500
2500,7698500
2034,891800
266,562200
264,564000
376,4223500
1918,6138300
330,2290100
2511,7322300
2663,4464800
7294,7302400
295,1303000
15203,9904300
852,2630100
505,7119100
624,3357700
3913,3784400
447,5634900
697,5143600
1086,2109700
2942,5641600
2507,7547200
1795,1064400
434,6136200
702,5441600
1104,2854200
264,421900
2447,5273600
4958,5083400
377,3375100
317,1875100
378,3371100
968,6623100
1829,2146300
2102,2438000
431,4839100
264,424700
5535,7506600
3363,3204100
383,3577300
344,2775700
450,5276900
385,3507000
335,2275600
839,2337600
4994,6295100
752,7120200
1131,3453100
909,4779900
446,5106100
368,3925400
4808,7999700
1948,5135000
496,7350100
471,5688200
259,272400
832,2433500
1758,7288600
1269,7235400
328,2084800
3417,4251200
270,684200
1370,3284100
346,2624000
2258,6556200
1887,3531800
629,3459000
1061,1986100
600,2796400
388,3963800
511,301100
367,3177900
3551,8227500
6204,4831400
3484,5934500
447,5379400
430,5047900
5401,3500400
3485,5675300
4455,5020100
335,2699300
704,6051700
7643,2796900
549,1316400
620,3354800
5831,8169300
2104,2493800
266,449900
821,1788300
1049,1326500
517,496100
3981,6537700
730,6107100
357,3053800
1290,995700
1152,4009700
2589,2093200
349,2630500
2451,5462500
457,7336700
661,4900100
1209,5895000
639,4551100
1237,7036700
908,4860900
556,1617800
2009,7683500
4440,5198800
494,6929600
976,6026200
460,5784100
5744,6002300
600,3265100
1311,1580700
2819,2117400
516,533300
804,1716100
554,1636300
4729,5748700
431,5383500
390,3803200
3933,4596000
271,784500
829,2538800
1197,6211800
326,2628500
436,6397100
1059,2003500
631,4664300
4399,3413800
1141,3743100
773,657500
615,3166200
3773,7010200
1545,1116600
1096,2519200
14372,8936700
3368,3141700
306,1594800
284,990800
3851,2557600
617,3213500
423,5154600
376,3825600
668,5040200
3830,1631400
1824,1831800
479,6920700
450,6009100
376,3663100
588,2474100
409,4353100
6009,6766600
1088,2383900
522,582000
2389,3333200
1104,3178700
266,468500
363,3101500
3021,7208800
891,3775400
2069,2266900
523,827200
581,2837000
4185,4876900
916,4959700
3107,2576500
314,1853200
1481,6574200
4235,7060500
506,7022600
447,5235800
9260,5953100
6467,5150200
2004,7199400
7987,5962700
2454,5656900
283,1084200
996,6949700
4870,2689700
1406,4610100
313,1735800
369,3449900
396,4154000
327,2067900
2888,3247600
4241,6461500
687,5105700
277,897900
2025,7420500
1880,3270000
4074,1483300
599,2789800
1940,4782800
2074,2611100
3229,5760300
1211,5425900
297,1247300
5302,7881500
871,3106800
1361,3136300
2717,5662300
3478,5598500
1314,1594800
543,1162600
771,628400
1094,2516700
398,4140900
9145,2811300
2268,7111300
723,6068400
2120,3063200
409,4546700
1263,7226300
6524,6691700
957,5724700
306,1619700
1756,6448700
385,3494700
8714,4852700
1336,2081000
430,4913300
561,1651100
2781,7515000
453,5826500
441,5350000
807,1423800
275,907800
285,1050300
326,2298700
359,2881400
921,4647100
12368,8335200
6108,2077600
418,4830500
2018,7405900
964,5789800
7727,5110200
4946,4832900
7996,5399100
402,4037400
1437,4886600
428,4713900
5836,8571300
321,2277400
388,3813600
275,788000
941,5061200
1213,5923600
837,2500000
3756,6361300
453,5828600
1788,857700
280,860300
1933,4591600
4405,3612000
3878,2891600
280,820300
1071,1904200
435,4847000
6803,7030100
356,3770300
1824,1845400
869,3358700
268,499600
884,3443000
389,3646900
895,4206900
1021,473600
303,1511000
2774,7051500
435,75579100
892,3602800
649,4946300
1080,2170400
768,464900
8943,3939400
545,1155100
1020,419000
449,5553600
1483,6033500
270,549500
6561,7655100
1123,3271900
1064,1719300
6393,3051900
1555,1291400
1647,4216400
1554,1652500
739,6456200
1087,2274200
651,4065400
930,4845200
2944,4787500
337,2301000
1488,6243900
1245,6402600
1084,2188900
1439,4979800
1990,6269400
410,4268300
7656,3906500
503,6676900
353,2672000
3314,1229500
749,7283400
2164,4328500
557,1499900
3406,3833600
7520,6675100
265,523000
3253,6438400
1369,3212500
5440,4677100
352,2891300
298,1307400
459,6647800
623,4030900
1913,4859200
1127,3290600
256,175900
570,1807200
698,5538000
969,5987700
422,4836300
391,3998400
677,4931600
392,3729000
1598,2659900
534,1108600
354,3524800
433,5115500
598,2772200
676,4631400
567,1849100
423,4740600
257,207000
265,399500
484,6662600
702,5644200
436,5067800
1223,5897200
2227,6334800
1359,2750900
1617,2891000
674,4785800
11323,7590200
1018,461100
611,2956600
1781,611600
1995,6365500
955,5358800
7089,8098700
272,646200
1141,3592800
724,5889500
2198,5488600
413,4710500
1483,6449900
335,2460600
2680,4831700
892,4009700
448,5869300
11890,9412700
13350,8048500
1601,2781100
295,1305600
13138,8646900
4310,8333000
385,3970000
893,3808700
790,1025700
638,3918800
2981,6326200
386,3804700
1769,7236600
743,6353800
1083,2177000
547,1319300
413,5179300
11975,4571800
1394,4217200
10624,9216500
3204,5448600
480,6282600
2156,4112300
873,3579100
493,6882200
1460,5618000
4905,4243700
473,6464600
684,4828300
605,2717700
1417,4355500
1327,1913800
766,390000
287,997300
347,2672900
16633,8211500
361,3488600
9631,9057700
4221,5664900
1028,734500
413,4387500
449,5580800
2122,3240500
2290,824900
288,1036700
987,6236700
1724,5927800
11760,5588500
2152,4395700
1390,3560800
2004,6875500
2023,7586900
769,465000
984,6088900
1951,4983500
686,5219000
317,1942200
1113,2926400
859,3004600
1312,1757500
488,6384000
361,3106400
388,3736600
262,337700
460,5354900
12874,8551800
364,3081500
855,2746900
1207,5478100
458,5592700
2908,3825600
14549,6163100
1039,1095700
365,3182200
548,1291800
957,5346400
1597,2362200
2625,3026800
1011,6801100
8362,9287900
371,3222900
953,5419200
748,6623700
2849,2680900
2535,7551900
352,3034900
1541,1054300
755,7280700
567,1783500
2026,7129300
2129,3461800
1043,1335000
1877,3400900
898,3931500
557,1789300
2017,6836100
267,466400
551,1324200
11654,9739200
497,6600500
11613,9558200
3120,2849800
1558,1400500
576,2073000
285,936900
3846,2048100
8099,8548300
5477,6074400
301,1644700
1435,4963400
621,3326100
1935,4914500
1443,5054800
476,5972600
1119,3097800
363,3210200
420,4501200
1449,5042600
392,3917500
481,6549400
3190,4791300
15760,4889300
1799,1092600
260,361600
830,2228400
4099,2260400
313,1717600
1310,1482000
936,4762300
923,5073700
3745,6125300
976,6402100
456,5359600
353,2713900
561,1594700
10087,7546200
1172,4578100
257,202200
475,6349100
2487,6231000
348,2669500
3512,6711200
757,7382400
417,4432100
350,2714000
12322,7409000
361,3130700
1009,6902600
2855,2561100
1893,3675200
7387,2588600
800,1263600
419,4534300
263,362000
3341,2060300
587,2319300
6674,3911500
2403,4109200
898,4436900
415,5779000
576,2166600
3758,7082400
320,2131900
5377,2803700
928,4902800
299,1309600
14962,11116500
1829,1861700
1606,2747000
3426,4500900
360,2883500
2424,4697400
3538,7603900
340,3012600
5965,6116200
546,1461100
1728,7741100
16356,7862300
276,830200
1264,7302900
4028,7138600
553,1442600
2254,6849300
287,1057700
1000,6862300
1193,5634900
765,375300
362,3106200
6406,3529300
377,3639900
2033,676200
16055,6805700
1922,4874800
820,2353800
447,5963700
1098,2601400
10348,8595000
1790,1189000
302,1420900
426,5369200
1737,6220200
6407,3405800
3810,1276200
4947,4820400
322,2135700
3753,6714000
5172,4098900
590,2992600
1686,4847900
1145,3855200
514,355400
333,2186000
498,7322500
764,72632000
2477,5737000
491,6542200
292,1147700
359,3508900
456,5652300
1432,5496200
297,1571700
1513,7780600
616,3217200
676,4654100
2427,4499400
19439,9338200
18862,6997200
338,2527500
414,4493300
13039,6070300
2552,1461900
1166,6177000
1322,2185300
2063,1775200
8045,7915700
281,1126000
297,1550700
2331,2149700
1890,4138400
8910,3494800
2415,4269400
1074,2354100
389,4721900
852,2740800
405,4396900
855,2966200
789,968400
519,483300
368,3037900
835,2260900
824,1941000
341,2603800
5748,6514900
17479,11180500
7613,9018600
2356,2995200
1104,2747900
312,2013700
494,6224800
4798,8819600
348,2947100
623,3214500
709,5892700
2689,5196000
2065,1650300
865,2922800
1241,6526800
485,6280000
555,1440500
5186,4556600
570,2671700
490,6292300
385,3554700
2947,5406300
662,4699000
7233,5235100
771,527300
492,6937100
8007,5895700
369,3489400
2658,4080000
1349,2406500
2342,2168800
5679,4328400
539,1177900
1362,3156600
517,590700
14610,8082700
289,1267800
15905,10228200
2997,6260400
258,266100
1998,6553200
621,3159200
960,5607800
418,4549600
993,6278500
920,4378400
1186,5001200
2906,3806100
632,3507600
2018,7666000
1208,6269000
474,6157200
513,605200
887,3940700
294,1229900
1495,6595800
6145,3005400
738,6508000
2403,3838500
2598,2316000
308,1753500
1342,2422800
272,649600
1296,1107600
414,5122500
716,6336600
3529,7422600
301,1455300
588,2270800
3213,5251400
668,4519200
295,1315000
2227,6906400
979,6156500
3013,7083900
1382,3449900
465,5982400
302,1411900
1717,5626200
13337,7315600
5460,5362900
290,1323200
1002,6684000
560,1819600
549,1424000
2317,1779900
263,414400
344,2650000
1460,5649200
1745,7263100
14117,8009300
4677,4254200
1945,5221900
1593,2395200
704,5562300
2136,3664400
424,4552200
438,5245300
2877,3139000
406,4032700
4344,2073800
795,1134400
431,4833600
1425,4677900
1617,2861400
363,3098600
361,3245300
513,527700
766,443200
6160,3472300
737,6678800
472,5908400
1031,799800
338,2497300
8337,8068300
270,561300
1247,7415700
4048,7617000
1016,329500
1407,4080500
1700,5368500
269,573000
1326,1927100
372,3813300
388,4386400
666,5004000
713,5851600
5669,4015800
1978,6023500
3108,2661800
334,2446500
647,4032100
4679,4163700
725,5760600
420,4358900
4296,7343100
6862,2013200
741,6595800
1388,3887400
552,1494200
2533,7165000
679,4866800
3024,7446900
1307,1444700
1445,5252300
505,7317700
595,2674400
346,2761700
704,5346100
708,5704900
366,3404300
996,6420700
518,454300
5306,8203600
499,6762400
907,4493200
1584,2085600
5915,3685000
2045,942100
1359,2969100
14745,4328700
1779,525100
3448,4637800
1977,5933500
3518,6982000
427,4717000
1148,4015100
376,3486900
448,5338000
1777,7462400
426,5157200
1073,1956400
3546,7714700
8224,5404100
342,2628000
1570,1782800
10157,9673800
618,3210900
473,7405700
1634,3355700
10279,6342700
4005,6717600
404,4163300
371,3277200
12595,7647800
1049,1190600
265,507300
1381,3297200
346,2520800
1768,7351300
268,540600
401,4039300
5527,6565200
1047,1141700
1179,5514200
258,298300
1641,3906400
727,6447400
2876,3201700
16978,12470500
5314,8495400
421,4876200
2117,3306300
1363,2957500
1008,6618200
338,2378300
7930,4069400
329,2231200
379,3503000
552,1381500
1627,3170800
649,4111000
408,4228900
1929,4579800
609,2871500
2144,3644700
382,3501400
6386,2733100
5226,5600100
305,1539700
3766,6735000
365,3132900
380,4171000
708,5729400
576,2105000
259,263500
8673,3591100
1503,6906600
674,4752700
2455,5436000
522,644500
475,6689100
442,5151400
809,1522500
6597,8470100
391,4043600
1350,2483300
323,1911300
6066,8568600
3628,3104600
1284,800200
3258,6644100
2743,6367200
1242,6704900
3492,7277300
1766,7229300
342,2600300
1043,1238900
614,3255600
329,2189800
1493,6642800
499,7650100
2320,1881800
6587,8198600
2442,5668100
349,3498700
261,325800
12066,7240600
2521,7350300
659,4512800
526,44353500
352,3011600
8757,6464200
270,582300
1145,3720700
3481,5746500
3540,7327800
672,4565800
1367,3102200
2127,3189100
540,1076700
1469,5813500
9472,5214500
2939,4658700
434,5356500
3006,7157600
2081,2241300
1518,7175100
733,6786100
1182,5050100
1309,1487100
3168,4812700
393,4022300
2968,5473800
617,3223400
312,1782900
15806,6531000
3849,2457400
342,2531700
264,409700
300,1427700
2292,1035800
6535,7960100
457,5669500
322,1941200
776,612400
879,3590900
13111,8277200
5512,6839500
273,696800
1114,3555600
558,1765500
7026,7099500
16607,7878900
834,2648800
801,1689300
315,2588300
18811,6210300
4417,4178000
9465,4662800
506,6998800
8878,9643900
342,3070600
914,4613600
468,6340100
270,702300
2947,5231800
3125,2903800
1794,931800
302,1428500
8115,9017600
356,3133500
1335,2643400
1287,890200
1478,6294000
6867,2360900
3973,6160400
546,1518900
377,3684200
3713,5418200
385,4570900
1024,538600
3153,3842400
627,3533300
275,673600
8156,3100100
2463,5577000
586,2447500
371,3222500
1822,1657100
455,5425200
9852,8903500
843,2453900
882,3579900
2183,4749300
675,4917900
1178,4678600
3785,7235100
257,230300
601,2807300
6911,3641700
2861,2902200
4125,2922700
369,3216900
8826,7667100
2235,6708300
593,2381900
554,1485500
393,3799200
1681,4761700
353,2901100
673,4683200
1073,1975900
923,4689700
771,730900
2800,1201200
2235,5953500
367,3582300
6175,3975000
263,484700
3760,6462600
7115,2033200
477,7341700
525,636300
815,1784400
1732,6802900
395,4015900
675,5034400
1399,4041600
1588,2280400
778,710100
2838,1947900
927,4676000
472,6241300
2430,4596300
14141,9035400
1532,754700
428,4962600
535,962600
917,4398900
333,2293900
2169,4319900
934,6284500
269,505100
4225,5887200
657,4988600
297,1557100
606,2794000
781,780600
734,6494000
833,2192300
601,2790200
2420,5098500
814,1725200
543,1142100
539,1032600
4023,6899800
1408,4322100
403,4049200
1486,5978300
280,816500
1013,7120600
941,5250800
416,4696100
871,3393300
5182,4366000
484,6283800
8007,6110700
1698,6218800
670,4921100
2618,3664300
1624,3277000
2605,2614700
1252,7544700
708,6402300
8651,3274500
422,5915500
377,3753500
2653,4342500
973,6096400
2542,1000800
419,4892900
1530,787800
319,1863700
11554,6897700
342,3004600
266,483200
4315,8070900
2706,5939800
2887,3431200
1549,1216400
910,4250800
503,7374600
5289,7733900
389,4241000
1276,776200
763,358300
6681,4738300
1122,3384000
1220,6234800
262,477200
1164,4570700
2496,6764700
2732,6134100
2805,1333900
280,970100
1438,5325400
327,2058400
2245,6432900
1048,1183200
369,3279600
3373,3363200
338,2405600
2604,2568000
6253,6511500
465,5823000
3415,4464300
537,943300
432,5008900
853,2607800
5624,2830800
3780,7089200
395,4257500
675,4636600
3792,9099100
14644,9028000
636,3798200
354,2803700
322,1983900
11464,4659700
651,4155900
547,1243300
2391,3396300
576,2206600
318,1861600
487,6849700
298,1392800
909,4340900
660,4311600
261,330900
342,2607700
792,1054700
1474,6102400
338,2407800
3046,7965400
16694,10823800
759,7737600
8358,9709500
591,2697500
1761,8251000
1503,7741500
8047,7659800
408,4636200
1367,3404700
351,2990300
499,6837200
9292,7018000
556,1741400
264,381900
311,1746500
323,1919700
264,390900
1496,7696000
782,795500
756,7181100
307,1593700
7637,2616500
6366,2257500
10536,6335900
3511,7404000
684,5132600
402,4579600
384,3943600
320,1977800
588,2298100
771,496200
601,2595500
7633,2397000
1186,4757000
878,3515800
10363,8302200
830,2221000
376,3837800
584,2317400
11314,7798900
19327,7053700
3935,4736000
957,5425400
2792,7426700
788,940500
1144,4078300
6568,7984500
10355,8568900
393,3842000
10217,4393600
1513,6973300
10377,8714500
675,4757600
559,1689800
1094,2552400
405,4226700
475,7236800
1396,3836000
663,4596200
637,3578200
2691,4744300
309,1642400
338,2534300
536,984500
1727,5941300
311,1663900
12940,10332700
324,2034000
1600,2434400
321,2111700
965,5968500
418,4553300
948,5172400
8592,7962300
1990,6514700
3332,1759600
884,3924400
1320,1909700
6542,6885700
307,1619400
762,345400
1996,45076900
678,5225000
342,2790900
1620,3080300
1369,3052600
353,2797100
432,5493300
1195,5196700
4935,4333100
381,3606100
4977,5738400
1812,1495300
2255,6787900
8035,8205100
12278,6273400
540,1319300
3077,1864200
1393,4101200
3725,5707500
346,2606400
7573,8165200
9517,5807800
567,1769400
552,1341500
2148,4163800
17320,6089100
5661,3634800
364,3119200
497,6936000
791,1090700
1607,2885400
3113,3563500
712,5781900
986,6484000
3916,4189900
3215,5578700
1550,1167500
912,4370600
929,5030500
5813,7884300
2854,2480800
3067,1551000
258,358300
13511,5038700
405,4058000
463,6311700
1274,552900
502,6738700
1754,7164300
1549,1552300
670,4566800
434,4925000
2544,828100
2251,6608900
430,4707000
329,2461500
1332,2081700
1433,5027200
4605,2252400
3213,5182300
1638,3696200
309,1688200
11402,10051100
685,5305500
2850,2483600
524,637600
8892,3702500
283,1221200
338,3034000
489,8487200
3064,1685500
525,1073100
329,2693200
270,706400
1475,7264800
644,4418600
348,3456500
1371,3464000
667,5486500
592,2891300
2195,5591500
322,2151500
256,224800
451,6444700
2839,2640900
733,6298000
1536,789000
433,5084100
2073,2166700
328,2120100
1950,5272400
2458,5706200
588,2872200
779,884400
286,1186200
3563,1315500
4319,1403800
11911,9945400
9619,8855300
7981,4922200
763,282900
619,3279000
600,3081700
684,5497600
1496,7513900
392,3908700
5498,6245800
483,6994500
381,3996600
267,626200
482,7501200
1546,1107500
871,3421000
255,143500
2924,5009000
429,4783100
1995,6877000
507,7357900
4128,3047200
694,5330600
1133,3894700
4946,4609700
3748,6466800
1390,3912000
1936,6029800
2311,1544900
700,5428000
318,1935700
468,5901900
6825,8196700
831,2262000
3693,5534900
291,1334800
1614,2984500
530,776000
463,5688100
269,544500
274,686900
2437,4536300
305,1491800
411,5288400
342,2599700
15763,4846200
6445,4691700
4156,4175200
1448,5265900
569,1839900
10181,3395000
7283,6609500
1547,1122800
1975,5599300
4263,6454900
5040,7207600
351,2787700
8667,3771700
6198,5144900
1617,3461600
344,2629100
270,552900
3950,4947000
5665,3561400
1737,6181000
1884,3398000
292,1086300
706,5289800
875,3220600
474,6360400
2457,5310700
255,161300
1049,1270300
576,2035700
1314,1990800
399,4775000
3766,6782000
8802,7691300
277,1012200
489,6582200
914,4406500
817,1798300
1632,3512900
4924,4230800
8478,4899300
1115,3141000
7733,5313600
1711,5288900
1539,1132600
8437,4704200
1044,1094000
919,4523800
1621,2987500
4056,8235100
441,5198300
307,1528900
492,6618300
10397,9938400
646,4188800
341,2603100
299,1530700
355,2921100
1444,5405000
1704,5953900
393,3753200
2365,2978600
443,5281700
294,1276100
769,430600
493,6329700
287,1159900
958,5729800
871,3283400
567,1856300
655,3970700
275,671500
1890,3559500
1656,4096900
336,2339100
533,898900
444,5065900
14291,5988400
966,5732700
1206,5297700
652,4218400
18030,12094100
12229,4373100
1779,518000
2131,3632900
3273,7424400
1365,3120300
6450,4325000
432,5792700
290,1428700
8406,3743200
11984,4678300
860,2816100
1695,5346000
622,3396300
669,4587600
767,396900
317,1879900
1685,5130300
486,6401200
1708,5519500
1724,6194900
402,4052300
1653,4620500
1938,5714800
425,6121300
977,7459400
717,5827800
260,351600
752,6815700
301,1441100
1366,3541300
491,6416600
969,5827400
668,4502800
2269,7718000
547,1357800
929,5702700
588,2709200
278,950800
306,1627600
436,4968900
5378,2872600
1478,6314900
3363,2486000
657,4118700
382,3660800
3442,4538700
901,4106900
383,3463300
365,3214200
1046,1121500
291,1119600
402,4077300
329,2207900
479,6131600
529,784800
399,4134500
665,4369400
14878,8192600
780,762400
1671,4451100
754,6822100
478,6479600
1098,2527900
8201,4454100
2662,4302400
945,5243100
695,5310400
5143,3844700
2570,1734900
3689,4646600
13227,4324200
255,163900
343,2494800
667,5322600
254,134400
732,6603600
1174,5103600
262,363400
1072,1815000
9462,4494500
10274,5786900
3151,3771100
8751,6196300
2761,6626200
2480,6393900
314,1754200
8627,9311700
1263,6884100
818,1827300
6837,8599400
2309,1574500
3309,1251200
775,663000
4519,6871100
656,4894000
602,3364000
4431,4435300
570,2038500
629,4741100
946,5181300
4528,6979200
1688,40378700
727,6330600
642,3752800
598,2569900
1813,1453800
2495,6090700
994,7257300
16709,11220300
584,2574600
1984,6378800
1582,1982100
451,5763000
1080,2095300
1046,1132000
2433,5420300
1881,3500700
3879,3178800
722,5768700
556,1497900
11995,5485500
3490,7140700
4750,6205000
4921,4103700
4914,4044900
470,6210800
1122,3630500
336,2874500
664,5424500
635,3955300
10106,8892300
835,2747900
263,341000
2151,3660200
4811,8468900
1394,3809300
352,3295000
6365,2792800
1758,6947100
1567,1593000
429,4951600
349,2641900
769,440300
1082,2433200
1752,7301400
571,2064100
5535,7896100
638,5537900
305,1459300
667,4440400
1139,3515900
2336,2034000
3431,4290000
442,5521400
275,854600
1413,4245500
257,233500
282,847100
409,4675800
492,7531900
388,3676000
843,2786900
888,3784700
3633,3397200
260,369100
17328,6853000
564,1888800
1551,1455500
9546,7387700
590,2620300
273,710900
424,4827100
469,6165100
450,5381900
329,2287500
2985,6086100
1292,1045700
2421,4355000
365,2994300
503,6976900
5545,8132400
851,2996600
427,4684700
633,3924900
1528,632600
1405,4574600
701,6911100
2349,2797100
1792,1165800
267,540300
4309,9267900
385,3609100
303,1392000
530,839800
10303,7105800
1556,1495100
599,2679600
373,3399100
610,3057500
1628,3854000
329,2092900
18458,9717500
527,921400
3296,8460100
373,3479900
435,5395900
654,4329400
339,2773200
451,6269200
1093,2585200
434,5141700
721,7052700
1721,6444000
950,5843200
254,135800
6920,3937200
1029,811800
2360,2742000
3648,3755400
1360,3089500
1894,3915700
1673,4634000
4724,6130500
598,2704900
258,235600
1905,4419200
293,1348200
972,5882600
407,4771300
649,4328300
1085,2387600
2111,3054100
303,1534500
1318,1768300
435,5352800
492,6715800
305,1528300
403,4424300
273,744400
647,3911200
4281,7081500
1327,1930700
633,3550900
835,2401900
699,5557200
2363,2651300
398,4527000
373,3370700
1345,2383100
11308,6965100
301,1699100
918,4516700
344,2486700
340,2447800
301,1338600
533,829300
362,3177300
696,5127400
1588,2132600
272,585400
5088,2028900
1688,4977700
6386,2901200
798,1207200
435,4798600
1788,775600
577,1959900
602,2764400
1889,3520100
326,1996300
1411,4842100
484,6555900
601,2765200
1233,6184400
618,3142500
621,3550100
9934,4174800
391,3934400
563,1739900
2341,2211500
281,933600
1098,2589200
273,756900
1687,4609300
1765,7511100
2091,2480100
7341,8196300
453,5728400
7126,2599800
6992,5782000
518,513900
1294,1218800
295,1356700
480,6940600
672,4666500
612,3258100
472,6409900
3220,5525600
369,3199800
860,2867800
326,2411200
381,3783200
918,4678700
4657,3977100
429,4853700
2593,2123900
745,7360900
2986,6720400
1160,4992700
306,1571900
804,1370200
517,483900
2256,7322900
336,2455600
282,875900
712,6141900
516,601800
353,3444000
6984,6046700
1887,3636900
546,1343300
496,6765500
1807,1432700
6641,3201900
755,7520300
613,2964100
842,2606800
3646,3747000
1410,5431000
13617,9290900
390,4257700
318,2039800
374,4063500
3057,1535000
865,3324000
1694,6191500
1026,731800
306,1621800
279,793900
378,3372100
2193,5407100
370,4034600
481,6616900
2726,6798400
2789,8627200
856,2993600
1461,6593500
4749,6902200
2985,6427800
6341,9158900
962,6238600
487,6559200
263,610700
1147,4317600
805,1597600
284,1267200
12432,10825700
568,2018800
383,4090300
2588,2015100
3314,1535900
289,1611500
9477,7142800
879,3690900
774,625600
302,1608900
5247,6010600
455,6207200
3968,6525100
1515,7156000
2347,2476500
1001,7045400
367,3675100
12362,8642800
1506,6931400
3348,2308900
7985,5652300
2854,2468700
2005,7361700
4931,4903000
1512,7123200
4675,4839400
796,1515900
278,783400
890,3838900
522,551200
493,6874900
271,662300
769,466600
838,2356700
477,6437300
2757,7470200
1327,2317200
292,1409300
1175,4929700
754,7066000
1529,687100
480,6239800
536,1107300
1863,2756200
3026,8188300
1429,4687500
1664,4424100
4079,1827600
10648,9993300
2790,8326800
617,3268500
2587,2271700
312,1716700
791,1135700
432,5209900
833,2711200
356,3303400
583,2291800
589,2534600
16051,5704700
2044,982500
8809,7215200
566,2028700
974,6181000
999,6505900
1012,7208600
2237,6132400
16511,5342900
446,5422800
634,3907900
279,806400
2010,49102600
733,6342700
1123,3094100
647,3803200
284,881000
10311,6935400
5178,3934200
3037,7431800
273,653100
484,6202400
19561,5783000
483,6306800
389,3832700
1373,3253000
963,5658900
4128,2883400
581,2463500
518,480500
744,6866500
1689,4955400
318,1763100
695,5008700
683,6144100
386,3526600
1963,5518100
307,1512600
1088,2351300
2436,5120400
1003,7976900
7201,4923300
285,1034500
3012,7472900
264,513200
5107,2847100
777,871500
332,2531700
541,1070300
277,777300
6813,7452100
256,176900
740,7026200
991,6440900
500,8382400
285,952200
6472,4975400
976,5983600
8829,7789700
905,4264700
262,357200
1727,6550700
5227,5287200
260,289400
2336,1937400
342,2682400
8203,4664900
480,6206000
804,1591600
264,425500
2801,1151600
3327,1555500
1222,6467100
814,1633800
455,5737600
336,2576700
296,1251500
1131,3351400
1513,6946200
1120,3380300
5249,5944800
9254,5886800
327,2226200
7488,5472800
411,4316400
1856,2598700
15092,7342900
522,599000
905,4451700
1042,1020200
647,4032200
879,3509200
303,1398500
587,2382800
759,6943000
458,5818900
2178,4613700
621,3380100
2727,6892000
2480,6088400
9085,8066800
341,2844600
254,126800
10979,4786300
365,3129300
4255,6499400
424,4550700
12561,6386000
767,437700
524,681200
427,4897900
306,1600200
2065,1569400
3340,1908600
4401,3395000
374,3393400
1009,6722400
2737,6293900
264,459100
335,2309300
264,464400
933,4966600
1000,7131500
319,2159700
2167,4116400
8602,9242300
655,4375600
748,6924000
5420,4133400
257,296800
614,3597200
1263,7255700
1711,6248100
846,2772300
856,2813100
295,1266900
1754,6932800
7852,8702500
540,1073200
1415,4583500
428,4797300
1581,2127000
462,6023900
416,4964200
380,3471100
854,2931200
555,1665400
2927,4654000
602,2904200
424,4646300
264,400700
319,2081000
1101,2850700
774,612300
6272,7033900
1734,7106400
578,2135600
427,5700500
6935,4403000
11417,10044000
3685,4643500
15059,7380200
5503,6328300
2303,1327300
1746,6310700
681,5339800
358,2922400
14450,10319400
1969,6019900
2379,3151900
8263,6143800
14110,7992300
1250,6816000
648,4184700
440,5293400
6348,8813000
646,3838500
376,3376800
821,2006200
8548,6921800
433,4987900
3539,7560200
4864,2450200
19716,10768800
1167,4443000
1185,5090800
1623,3241000
7791,6740300
5106,2132600
483,6120500
1213,5756300
350,2708000
254,106500
566,1697800
308,1580500
299,1528800
6479,5462500
17975,10640400
305,1467600
419,5055900
264,386600
2861,2619900
1379,3307300
473,6326200
2422,4285100
562,1615900
661,4326500
453,5614900
4513,6793000
3152,4019500
2358,2788300
829,2895300
371,3123800
5771,6513700
3306,1118900
1255,6755100
2484,6354600
1463,6530800
310,1828100
588,2323500
668,4308200
1494,7378300
1020,656800
406,4796500
858,3072500
342,2649000
449,6153800
9508,5605700
545,1181400
286,1043200
637,3592600
475,6246500
321,1907400
4875,2735000
12272,5586200
254,121600
435,4913400
1642,3599800
1674,4400700
388,3720600
475,6032200
314,1796700
11603,8038600
333,2230400
968,6344100
1402,4315000
1541,999700
559,1576100
293,1128000
308,1691400
710,5562800
1104,2973700
6869,2417500
936,5000500
3205,5145600
5510,7911100
265,485900
436,4984400
893,3916600
3847,2313500
398,4221300
404,4359300
2580,1899000
316,2104800
1843,2658000
1814,1862400
1296,1112300
3446,4837500
674,4923300
1024,568200
769,572700
728,6224700
334,2443300
5621,2685500
8757,6191500
441,5301800
690,4911000
5938,4824000
815,1743800
637,3619100
367,3343700
4442,5111400
631,3611400
384,3757400
625,3502700
585,2492400
2418,4432900
2221,5891300
312,1910800
334,2377700
2935,4614300
271,783200
845,3069700
448,5996800
679,5270200
3589,2040200
1059,1477000
575,1915300
300,1298000
746,6843800
345,2484200
612,2900100
4323,1622300
1844,2354500
1232,6387100
4714,5160500
762,258600
1259,7160100
4554,8347700
761,7570600
6015,6547700
831,2490500
1775,8507600
1796,1039700
522,579000
8650,3887100
843,2451200
2616,2806900
3918,4204900
423,4920900
437,5249800
787,1083900
755,7956800
375,3859600
7820,9536200
2676,5009000
943,6913400
1112,3154400
12397,42338400
3282,7939900
1132,3660800
4291,7933900
271,596000
810,1769600
644,3762700
475,6324800
553,1386600
372,3307700
504,7414700
4382,3066000
3819,1283700
462,5600700
288,1012800
443,6017600
431,5836600
5431,4093000
527,906700
1447,5919900
2231,5902500
399,4040500
1964,5823200
1224,6688600
633,3714000
1360,2727500
2195,5072800
839,2273600
1971,5817600
3178,4646800
390,4039100
359,2870700
2081,1960000
1569,1618400
2626,2919200
352,3018300
838,2234100
518,456300
3419,4781000
624,5171500
5256,7720400
295,1576800
2677,5336900
5173,4887500
958,6707400
1783,704000
3960,5685000
270,760500
1459,7160400
667,5337200
3753,6275500
2353,2334600
4488,6424900
4805,8052200
355,2948600
1864,3118600
360,3457500
1178,4699100
287,1022900
259,267100
294,1239800
807,1682800
3862,2650900
782,851000
2435,6583700
1932,5029700
2628,3240100
376,3555600
416,4693300
2317,1595600
426,4834300
436,5624700
386,4010100
1141,3740300
605,2798400
812,1570800
7711,4597000
1885,3788300
1245,7448100
2282,7387300
9931,4505100
542,1387300
681,5384400
577,2279000
282,1069100
356,3078200
733,6749000
3040,7967100
299,1712900
8177,3885500
257,238400
3636,3222200
4450,4998500
14631,9398500
794,1237100
1688,4996200
2226,6815000
2841,2104600
2124,3034300
738,6863800
261,437700
2103,2939200
4826,1388400
1307,1477700
1772,7426700
538,1128300
830,2299000
4222,6097300
3147,3621800
433,5432600
18235,11886900
468,6870100
733,6360400
444,5764200
256,205100
413,4807400
1507,7266200
4989,6134600
563,1743800
547,1227400
1070,1759400
669,4401300
1579,1985400
8107,8560000
709,5459200
8341,8969400
18010,11942600
292,1170000
2016,6894800
4027,6901300
447,5284400
445,5227300
12441,10117700
1307,1371700
1627,3106800
422,4570600
1194,5439200
461,5818100
809,1622900
3767,6628800
3292,7261000
2591,2190300
1932,4894400
327,2229000
8544,7164400
272,693600
1116,3188300
337,2392700
2331,1934800
1276,636700
271,553200
255,156800
14976,10870600
1627,3231000
1110,2992200
269,529800
620,3217600
284,900300
867,3262100
372,3301200
18576,6483300
519,494700
537,956000
665,4385700
1550,1212700
323,2169000
2113,2977000
587,2592300
460,5534400
14571,6638500
755,7168200
267,490200
612,3003100
1692,5162100
2018,7194100
3707,5180700
526,702500
3840,2138100
2097,2664800
2284,8709100
1550,1533700
1370,3713200
352,3070600
453,5747200
1610,2823600
713,6556400
525,753800
2868,2939300
2344,2401600
17410,9112700
279,827400
1036,1068300
6745,5558200
781,795700
2793,8271800
2007,6568300
296,1242000
403,4263300
709,5696200
17948,10203400
566,1847000
6067,7580600
951,5323900
729,6108200
279,976600
257,217000
1428,5092300
1795,980400
828,2057800
8877,8989300
336,2537500
1195,5510000
305,1586000
4218,5486800
1747,6604300
1958,6290500
1869,2908100
601,2624200
399,4311500
277,760700
331,2239000
2445,5215000
2101,2507500
676,4723000
313,1695900
4043,7275200
318,1778800
974,6049500
1099,2927000
1737,6433900
17306,6254600
2729,5950100
841,2372500
1758,7303600
438,5184600
1490,6680000
800,1401800
1305,1460100
413,4199700
1028,612600
2139,3356300
16187,9978000
287,1007800
934,4981900
321,1944900
806,1623700
2337,2250100
428,4727300
1739,5980600
1756,6749200
960,5648200
7104,8501900
1077,1998300
3155,3723000
404,4656900
7225,6039700
619,3301700
313,1669100
302,1404500
353,2737700
255,187100
8443,4740600
4772,6666600
431,4832200
291,1332400
6479,5386100
281,1073700
560,1629000
478,6266800
4074,1617700
439,6858400
438,5405300
270,581100
650,4935800
1716,6273400
1786,776100
296,1288000
339,2401200
807,1610700
5542,8202800
542,1143000
941,5116100
352,3283800
319,1897000
314,1717700
615,3007300
690,4988700
10704,5849700
10557,8315000
427,5061500
488,6739800
423,5190600
3510,7424100
1029,1082300
2151,4271200
270,578800
312,1818600
11464,5286300
700,6368600
474,6668600
385,3976900
4261,6897600
713,6341800
5802,8126000
353,3098300
15939,9887300
1532,819700
2197,5429100
538,1107600
1913,4404300
1553,1301400
1386,3421500
11091,8249100
2153,3900200
16694,9600600
375,3361300
310,1595500
814,1683300
1146,3768300
1163,34217500
1779,594900
2913,3955300
585,2234200
2485,5802200
853,2558000
10490,4985100
1602,2508800
257,215800
2403,3688800
354,2708800
881,4187800
307,1827800
288,1003800
367,3148100
300,1339200
12583,7144400
832,2427700
323,2047900
367,3292200
648,4279800
305,1836300
12327,7311200
1003,7345900
1351,3007300
379,3545900
1896,4034800
1365,3575800
505,7050800
294,1193200
535,908000
682,5029700
1475,7018600
470,6076300
312,1713400
347,2798200
7000,5604200
5911,3460200
8020,6067300
4997,6725900
1104,3375500
594,2823100
683,5248900
626,3553400
3659,4115000
365,3899300
441,5368600
636,3929800
755,7339600
657,4466100
433,5137300
2376,3165300
490,7122700
4921,3997600
959,5755200
312,1881900
2852,2524900
382,3768500
12796,6259400
5881,2970400
1452,5784400
362,4000000
14927,10834300
1181,5196300
490,7381900
293,1183500
276,799600
274,657500
6184,4043500
715,5985600
2788,7539400
8191,4120600
3727,7153700
2574,2159000
3196,5247900
3871,2782500
1084,2315900
4711,5027900
263,437100
4746,6100100
1277,601600
3494,6309700
15744,11173400
1865,2781200
1013,7021400
8001,5623600
514,387400
2329,1785900
279,753100
577,2224800
831,2056600
364,3179900
538,1017700
2702,4932900
8718,4612700
350,2711600
1446,5123200
4984,5582800
967,6139500
1621,3124900
688,5035600
1775,7722400
1974,5818800
388,3630100
1480,6339600
860,2830700
2927,4614800
663,4344200
3760,6937400
3195,5491700
8997,6289200
443,5328000
1560,1450000
7226,5067500
313,1781800
646,3970700
567,1846100
618,3340000
1046,1490400
354,3358500
2939,5002000
306,1630900
2444,5228200
6191,4282900
297,1449600
4030,7271500
266,484600
273,634600
306,1477000
1877,3175600
530,744700
4057,7812200
329,2385900
5100,2179300
563,1669500
397,4265400
1012,7163300
257,233900
700,5703700
398,4117000
1130,3393200
1000,6720400
1451,5411400
556,1500400
1951,5705100
4039,8106100
268,522300
18244,11222500
9892,9425700
5003,6155400
593,2424800
532,856200
1026,631900
449,5271000
1584,2093400
428,5074900
3514,6637000
4928,4085000
6342,8256000
810,1493800
441,5196100
9023,6206800
294,1177300
274,711100
423,4517800
460,5918100
453,5404400
3159,4104100
11134,9136200
266,529000
3981,5417800
1030,739000
4225,5533800
10885,8762500
1897,3754900
431,4817100
985,6360900
597,2455200
1415,4367400
12222,4804300
696,5581900
368,3191200
1005,8571800
836,2360700
5738,6059900
539,1168200
4223,5692400
528,723000
468,6432900
609,3406200
505,7473600
741,6631800
2065,1842000
2342,2192500
528,917300
858,2836100
3734,6338000
546,1351700
1121,3127800
2930,4843900
347,2561200
1110,2864700
467,5903100
963,6449100
622,3797000
14930,10304500
2820,1811900
488,7224400
595,2671300
668,5122500
1078,2542200
439,5144300
317,1984700
1513,7472000
1839,2334800
688,5688900
1518,7399900
8209,5322200
258,302200
6476,6097400
431,5245100
287,1060600
1782,714400
11492,5068700
1267,8549700
1195,5245200
310,1875200
4764,7149500
593,2466000
3771,6920900
843,2556500
5512,6716400
5098,1909700
9227,5141600
405,4332000
526,746300
396,4113300
360,3435000
297,1238900
310,1611600
1744,6700100
539,1051400
19714,9847100
268,559600
399,4025200
2818,1595500
1365,3118400
352,3000500
3185,4866200
704,5558400
1941,5170300
486,6817800
521,662500
653,4088900
439,5079600
409,4753900
424,4699000
1028,825900
3065,1510400
260,276300
448,5964000
311,1658800
1044,1092100
3149,3585500
1312,1494500
868,3052300
5199,4811000
661,4263600
10977,4584700
705,5967800
5960,4796900
2209,5579000
510,230900
518,428100
1513,7755800
620,3244700
398,4876700
270,663500
1581,1940500
2394,3636100
405,4313500
942,6724800
419,4871400
1326,2004700
1832,1938900
4638,3099600
278,802600
2611,2520100
488,6383300
350,2691800
1672,4427800
1413,4645500
466,5680500
561,1589600
896,3824400
1019,404100
18555,6105200
450,5407500
1261,7091500
610,3063400
276,680700
859,2904800
6675,3716600
5229,5462500
273,618400
4065,1123600
745,7397200
1180,6418600
1808,1590900
3716,5991600
496,6826900
1212,5574600
1059,1510100
1787,779800
1890,3485300
325,2088600
4488,6299400
1301,1296400
839,2321600
362,3044300
509,322800
5384,3072800
3130,3188500
275,724300
2175,4654300
461,5829400
272,651800
1357,2812100
327,2126900
403,4368800
3871,2817800
738,36304500
5465,5112400
483,6195000
394,3904000
262,348800
1249,6506500
9132,9153700
2880,3213800
10524,5896500
11838,7260500
15459,10007100
293,1234300
896,3695700
378,3488200
2144,3563200
869,3254700
1138,3911500
603,2834400
3122,3164800
4377,3098300
305,1516400
567,1835700
3731,5757600
1183,4707900
3273,6771900
428,4776100
3065,1290800
731,6316100
1052,1317100
9019,6065000
508,194500
1443,4908600
473,6232900
2573,1628700
297,1373600
1845,2430400
413,4415700
275,718400
10455,4249000
3494,5997300
882,3432200
3024,7154700
279,941700
882,3372500
382,3445000
738,6692300
17735,11913300
7254,5749400
4172,3931100
523,575100
2865,3034600
379,4055300
1123,3109900
283,966100
1259,6750400
881,3609800
890,3620100
3962,4936700
1673,4356200
376,3445800
327,2011600
443,5295300
433,4778100
494,6605200
6304,7675400
609,3318500
470,6256400
1972,5928600
1092,2577600
1871,3285000
3138,3284300
377,3388700
262,335400
1602,2587300
1099,2826900
2823,1633600
357,3018900
478,5922000
268,494800
1097,2589500
444,6302200
2316,1791000
1155,4453200
2840,2025500
15220,10661700
561,1650500
339,2420000
278,731000
269,527200
842,2760800
922,4764200
1517,7384300
1825,1924500
367,3379500
333,2256800
1238,6426700
3611,2494800
518,497200
10632,9814200
1752,7048900
598,2908500
346,3094000
894,3850200
611,2897200
457,6554500
651,4057600
887,4078200
1022,693100
7818,9408800
1894,3695000
265,579400
619,3246000
1594,2485900
394,4080200
1171,4476700
1103,2703600
1143,3992200
5193,5503400
2216,5959100
286,1027200
507,7620000
268,561000
414,4963800
496,7658600
821,2310300
493,6950300
355,3184900
671,5989100
343,2764900
264,512700
4416,4620200
1800,1355200
632,3647300
1216,5758400
1684,5119000
600,2782500
2004,7092100
711,6017700
305,1650800
849,2663700
270,592900
5873,2499000
990,7101500
8777,6614900
5908,3514100
2533,8028500
403,4811600
4598,2121900
10047,6664200
4731,5779200
4959,4803200
616,3274700
1558,1548400
438,5101600
2495,6344200
735,6633700
875,3312700
336,2449500
1345,2436200
294,1277900
554,1621700
7401,3348000
370,3262200
2702,5207200
741,6379700
1570,1645700
622,3239200
691,5003300
15755,4716200
1106,2685100
323,1902500
1497,6622400
1862,3082100
257,227800
664,4349100
1082,2078100
388,3654200
407,4464500
394,3842600
2580,1855000
1098,2453500
1748,6645700
373,3340500
8758,6068900
329,2316400
3734,6087800
969,6003100
367,3028500
1781,641300
2325,1768900
18817,6316000
296,1333700
1736,6248600
10413,11435800
1055,1481700
288,1087800
493,6788300
4492,5880900
813,1576900
4814,8137600
856,2974600
4508,6273500
378,4050800
5517,6346800
563,1759100
1442,5105200
1611,2876500
3077,1644800
539,1149000
762,253700
263,393800
799,1282100
2468,5620000
598,2672100
654,4454900
1225,5915400
9356,8495100
789,968700
1400,4322600
7047,7222200
5703,5235700
3839,2203700
380,3491200
433,5545300
490,6745800
1130,3534900
1168,4775300
272,787200
774,765600
752,7806300
4389,3640500
2615,3187500
682,5716200
371,3330300
2721,5693000
7963,4578900
1198,5462000
324,2194000
350,2823800
11845,7859300
865,3098300
2848,2527400
415,5068900
261,305700
290,1213500
343,2598300
797,1189400
998,6508400
749,7103300
400,4095200
1479,6301300
478,6426800
2146,4025600
291,1173100
4486,7762900
1661,4245300
742,7346900
1650,3868300
454,5648800
669,4895200
12190,9975700
1798,1405200
4283,7082600
297,1277600
1472,5986500
4679,4513500
3271,6775200
933,5001600
703,5544800
4864,2483300
648,3949800
929,5000500
1527,592500
1354,2776800
1197,5785800
794,1194200
1112,2979900
281,859800
2702,6259600
922,5892800
417,5063900
647,3970200
292,1161500
454,5824400
361,3592400
1091,2975700
356,2875000
1487,6434900
775,847100
972,5769200
443,5075600
871,3130900
277,750300
2179,4543700
904,4310600
575,1918100
2307,1300000
695,5790200
427,4736200
11917,9637600
425,4663200
317,1822500
945,5083900
10914,10231200
4090,2066000
381,3590500
1327,2264500
742,6541300
887,3771900
399,3904800
531,1110100
396,3983800
727,6308200
413,4763700
1607,2749000
838,2287700
666,4526600
280,816600
2925,4353100
2530,7222800
1435,5840600
732,33876900
10561,7158600
315,1747800
891,3590300
13811,6774600
389,3755400
607,2832000
306,1481100
7110,8839900
368,3167700
634,3700700
962,5773800
551,1345400
10437,3495600
468,5989900
2415,4586300
11228,4764600
291,1199200
1135,3799500
2596,2525200
431,4903100
336,2262100
3501,6236200
374,3331700
466,5988500
11392,9387400
262,511400
3081,1949400
1368,3121300
3177,4446800
1743,6925900
283,937900
424,4760500
3323,1593900
290,1095400
3902,4275100
4503,6600000
983,6502200
1318,1846700
495,6985800
876,3527900
859,2936500
303,1522800
1628,3210000
385,3604800
10464,4502000
9607,8620300
384,4514600
4850,2225800
2557,1627500
412,5523700
5626,2900800
2315,1438900
856,3241200
2875,3339200
1376,3276000
291,1113100
875,4104200
270,542700
1002,7767900
8314,8232800
471,6326300
3191,5066300
9370,11394900
3497,6917300
2294,948800
1489,6543900
482,6290800
3854,2243100
424,4686500
8937,3895300
323,1957500
2880,3152200
536,937800
496,7089100
1008,6912400
278,1093400
1341,2566900
385,3697300
1991,7229000
462,5998500
966,5874700
279,779800
422,4448900
1133,3848400
1055,1504800
3596,2161700
876,3364500
6341,8514900
287,1226900
859,3294300
3390,3249300
887,3584000
701,5343300
539,1053800
856,3039900
8932,3729200
397,4012100
278,775700
781,732400
756,8000100
6468,5203500
705,5496100
2297,1068100
6832,8560000
1684,5006800
2832,1901700
1085,2136300
349,2645100
347,2841200
2604,2476500
912,4526200
316,1745500
1158,4215400
1274,522500
851,2697900
473,6242500
1235,6529800
2776,7406100
10166,3474900
278,800600
1403,3798400
5766,6273800
1443,5144100
3661,4038400
3237,6221900
380,3579900
367,3158800
660,4281500
733,7132100
4201,5554100
312,1766700
364,3046500
1925,4534600
1318,1673300
305,1471900
392,3803100
981,5945100
304,1490400
13556,7112800
2890,4177600
2689,5009900
1340,2590400
996,7424900
3501,6749200
545,1256000
1566,1573200
369,4303000
4128,3684100
1643,3778900
2101,2562500
5247,5837400
2972,7152100
1280,777400
2128,3256600
2599,2284300
2561,1259300
465,5975300
397,5490600
403,4043900
399,4302300
501,7956300
977,5883700
376,3425400
2401,3974700
276,771300
5178,4036400
12512,5440700
2220,6020900
2782,7514400
271,888900
1020,576800
6351,2310000
12706,4527500
1999,7049700
329,2148000
429,5136600
1605,3468100
1189,5138500
395,3987900
5454,5157100
568,1870700
7055,7782700
283,1037400
611,3652300
699,5804300
1563,1704400
408,4446300
2176,4413200
321,2295700
323,2122000
434,4997600
617,3103100
2114,2792200
645,4139600
632,3573100
1324,1919800
9827,7612500
2193,5161800
1023,489200
631,3602000
4544,7138000
718,6169900
5697,4938700
5137,3072200
599,2732800
554,1577500
531,820700
658,4472800
682,5107900
382,3880500
394,4298800
281,890400
732,7311000
1789,938400
672,5391600
442,6198500
1887,3697100
594,2806100
5054,9071600
6122,3148100
301,1925300
18303,7126800
429,5547100
3345,2202600
439,5806200
1764,9944400
293,1458100
559,1989600
319,2134700
356,3989900
496,8891000
8271,7153800
607,3728000
3118,3190300
502,8672100
452,6474500
395,4475800
721,7899100
15685,11189100
415,4786600
547,1544400
437,5791700
287,1196000
3124,3131200
3354,2951400
935,5639000
896,4301100
526,708800
406,5167000
416,5119500
479,8231800
311,1782000
534,1332000
281,898000
489,7272600
7402,3552900
631,4417700
398,4355800
1196,5646300
1222,6665300
13435,10535600
3955,5721300
1098,3392800
15474,12834800
268,595900
688,5565200
906,4695500
3258,7682200
2195,6289200
2172,5438900
270,639700
1242,6749700
1835,2716400
326,2481200
5133,3029100
840,3120200
1417,5007500
337,2772700
303,1700900
739,7389300
2193,5703800
925,5252500
304,1672800
309,1621200
1009,7592400
1573,2460300
1197,5913200
395,4564500
390,3682200
4460,5211700
2602,2565400
932,5091200
645,4506200
921,5043700
2674,5375200
721,6699500
633,3656000
950,5841400
328,2299600
349,3807700
1375,3512100
5663,4697900
2342,2359700
322,2494400
696,5636200
2298,1295600
707,6266500
743,7500000
468,6557400
4135,3887600
714,6581600
1617,36138500
3249,6918400
308,1707400
9953,5195000
2766,7828800
558,1734400
1122,3402700
339,2985100
397,4406100
9074,7981600
429,5607100
2472,5853600
9270,7161800
288,1244900
340,2512600
1500,7485500
9380,9975100
1391,4127600
1499,8731300
17964,11568100
3203,5496400
2822,1624000
525,737000
1030,799300
831,2432400
1906,4890000
330,2595000
4735,6459100
4058,8375800
388,4086100
1057,1949900
1144,5465100
3327,2315900
1747,7684300
807,1921400
6203,6237600
4530,7349000
260,308700
340,2949600
490,7309600
656,4583400
444,5744800
2311,1408200
1071,2048500
1167,4852900
817,1907500
603,3004000
280,803100
427,5598700
5450,5017700
519,534400
13423,10202300
519,740600
467,6327900
2093,2600800
367,3187200
480,7065400
446,5821600
11990,7150200
879,4144700
448,6138500
9888,11000800
1021,940100
878,3542300
418,6582000
5499,6517700
685,4992600
412,4517100
3575,1738300
1396,3926400
419,5280100
3080,1873300
560,2422300
2108,2999300
1598,2871100
1098,2860900
11173,10319300
1280,710800
868,3257900
4066,1158300
2444,5115000
18302,6273000
1964,5676700
1741,6652700
953,5633400
390,3904200
11012,6323000
645,4613100
764,350200
500,6800300
364,3436100
629,3454900
1716,5935700
1550,1494400
1881,3511000
573,1943000
1183,4907100
375,3513800
314,1902400
575,2649600
648,3935100
2496,7156600
1528,637500
2550,1096400
374,4017400
1586,2198500
387,3837100
1376,3562000
13845,7809800
327,2429500
2418,4531100
705,5966300
673,4736300
981,6495000
9799,7865200
1044,1100000
321,1908000
1424,5009500
304,1578100
492,6818700
716,5964600
2521,8040600
296,1568100
861,3582700
337,2664600
367,3228300
504,7239300
597,3086400
437,5022600
863,3218400
562,1662800
10461,4443200
480,6933000
397,4562100
431,5665200
8166,3580100
326,2192900
546,1379600
1278,887500
764,352900
3748,7631500
7251,7582700
321,2330100
1941,5252200
457,5764500
585,2432700
566,2118300
2252,7424500
529,856700
7533,8375100
3406,4273400
1979,7132800
269,583900
2886,3459200
366,3289200
409,4561300
585,2468400
3806,9741800
2519,7838900
286,1195500
462,6599100
465,7067600
6932,4309600
549,1502400
7356,11130500
2204,5902000
432,6348900
462,6746800
309,1889900
2534,8672700
662,4832000
812,1611200
259,272300
405,4615600
1632,3899600
654,4462200
821,2478100
311,1764500
337,3066000
10190,4413800
311,1879100
595,2578000
1725,7195700
942,6070900
319,1960900
2843,2231800
1232,6696100
3833,1859900
842,2555500
2499,7063600
3285,7480600
339,2533700
4074,1484900
1209,6257000
1788,970000
1567,1797000
972,5931800
1431,5068700
715,5849600
6855,8988000
1947,5508400
1122,4597600
271,690200
376,4104700
285,1032300
459,5674500
4678,4243600
1407,4813600
1076,2261000
687,4869900
3683,4389400
470,6095800
325,2141000
3625,2743400
808,1435400
343,2655600
264,390500
260,410900
1722,6196600
403,4112400
674,5706300
750,6789300
731,6153900
737,6455900
271,555200
376,3511400
6730,5334700
1965,5813500
4177,4271400
616,3020200
4637,3133000
366,3359800
276,706200
1010,6995100
2863,2733500
4628,3390800
1007,6936900
2983,6097900
3910,4065300
343,2546700
264,453500
4476,6571300
311,1847200
8531,7436500
5335,1630200
1042,1269900
686,5888100
4900,3728800
1505,6725700
3985,6171600
926,4959800
15977,11437900
344,2732700
3525,7220100
1216,6739000
15652,10389600
707,5590700
1993,6254900
12942,10179200
3368,3002100
725,6418800
1176,5618700
766,519600
1450,6195000
741,6603700
1960,5396500
781,826600
413,4758700
924,4699800
4927,4169100
603,2825800
508,198300
843,2372000
368,3484800
2704,5323200
632,3534100
555,1393500
406,5566900
1303,1350800
337,2417700
574,2254900
316,1853700
262,435200
2832,1934900
1172,4808200
361,3170200
1260,7379600
371,3707900
3951,5557400
1419,4400100
1168,4710200
1458,5461800
345,2742900
565,2152200
280,1055700
435,5062500
6368,2995200
11965,5615800
3358,3172100
559,1884900
259,282100
1004,6703600
430,4807800
327,2104000
6643,25347800
805,1538200
1614,2805400
385,4124400
5396,3359500
5164,3710600
260,279500
292,1161800
633,3567300
1080,2090400
1921,4551300
344,2511100
412,4202600
585,2237400
5571,7986600
678,4675100
880,3469900
2056,1290300
1509,6653200
402,3954600
3012,7451800
3472,5739100
740,7075400
17800,6306100
255,189400
2575,1970700
477,6828100
449,5352200
1229,6404700
706,5629600
401,4181100
959,6559500
273,662100
423,5021300
408,4472100
5492,5950800
331,2180300
10830,7252900
4366,2493900
2537,7650000
2409,4105400
1681,5414200
482,6796000
1201,6981100
281,881600
4472,6046200
4612,2606100
3032,7573400
802,1375300
3049,941300
800,1415000
535,914400
4445,4730500
1205,5803000
313,1853000
3936,4575700
1580,2215400
611,2930600
3280,7898900
1789,844300
406,4540800
330,2194400
369,3283800
9371,9169000
6517,6234600
954,5738100
1805,1376400
786,1004500
367,3013000
479,6392500
385,3584300
1717,5923400
3923,4270900
1063,1877000
10254,6323400
962,5706500
2189,5172400
4770,6580800
13333,8029300
322,2002500
257,202000
3088,1910100
1020,445500
2201,5685300
685,5057100
286,1026700
1567,1541200
459,5357500
5420,4143100
1674,4885300
6124,3344600
290,1264200
5747,6563900
649,4041400
17359,7309500
1203,5571800
5517,6856700
1875,3280500
686,5619800
387,3688200
525,707600
422,5030300
3741,6468700
753,7665100
1144,4135000
1065,2132400
1204,6743100
939,5528100
682,5073500
335,2366200
450,5873900
637,4086300
898,4157900
9129,9469400
13319,7466500
288,1172600
2411,4618700
368,3663000
893,4462000
917,4715700
3214,5418000
11294,7711800
2034,911300
290,1425700
7703,4348700
2834,2061600
263,489500
2570,1546700
351,3555200
1463,7399400
1201,5418800
8055,7589500
4780,7391400
1645,3964700
436,5402100
10662,11321800
2081,2456600
505,7532600
3727,6742700
973,7792800
258,336500
1577,2490300
1751,8755200
925,4953700
437,6183700
1113,3463300
392,4549900
2618,2996700
436,5027500
2726,6400000
279,865600
6960,4909400
1278,663100
19156,10891400
1382,4986800
1977,7354000
487,6540200
2480,5814600
2106,3536300
341,2752800
1725,6587300
1893,4142400
340,2508200
662,4392000
424,4924900
1059,1606500
652,4427100
348,2777900
335,2348200
1498,6661900
298,1383900
265,448700
440,5151300
263,473400
276,692700
9378,11218300
8081,8529200
1618,4015300
451,9109000
634,3800100
872,3704900
1522,8137100
701,6195000
343,2650300
6183,4553800
6765,6097200
490,7349600
677,5736400
385,3751600
2431,5403600
446,6115800
6041,8401000
332,2299000
10814,7552800
873,3429500
286,1186700
1341,2330600
368,3477900
263,475200
5217,5402000
3316,1593400
3450,5011400
288,1295000
2385,3317400
343,3710500
309,2361600
522,1356300
295,1746700
10447,3923600
5674,3721800
792,1127700
4621,3312900
8212,5000100
366,3094800
565,1818400
13740,4955000
407,5163100
304,1476400
411,4205900
328,2082000
1248,6993700
499,7024700
12578,7472700
372,3380100
1245,6365500
261,359900
598,3007300
674,4882800
18074,6210600
356,3033500
2414,4125500
1602,2542900
3838,1805900
2595,2148600
823,1985800
829,2168700
376,3452800
1302,1276600
275,696800
7432,3606700
773,759000
397,4314600
1910,4159100
359,2821300
387,3570600
1539,844700
260,278500
330,2277600
423,4842200
666,4699200
396,4034700
778,661200
293,1150600
733,6530800
481,6278900
7561,7502300
1461,5599300
426,6017800
740,6625400
262,333600
657,4524300
533,878100
862,2867100
4220,5674200
623,3196700
816,1820500
554,1367100
690,5443400
9385,9117000
765,477800
508,227300
437,5217100
304,1852600
1464,5465700
510,235000
474,6188400
667,4487700
12303,6489600
450,5326800
392,3892500
967,7040600
306,1581400
8153,3062500
4324,1447000
7361,9188400
271,564400
2322,1823000
656,4253600
678,4661200
6693,4266300
378,3460300
643,4169000
3790,7131400
4710,4936000
4382,2911100
1472,5693400
574,1944600
3407,3823000
773,564900
1775,7618700
1605,2677100
3152,4357400
784,915800
295,1320300
268,561800
1811,1384000
18087,6552900
257,219200
406,4264500
459,6078100
7451,4412000
653,4135300
460,6233100
303,1415800
4881,3163400
696,5083700
492,6775500
358,2892500
14841,7259800
1484,28504600
14860,7871100
274,669800
10022,5911100
1198,5697800
331,2254500
13047,6074700
469,6528600
346,3051700
364,3323600
573,2313600
617,3480600
426,4975300
892,4724900
969,6310400
1143,4207000
12858,8972000
703,6709900
268,528500
486,6511900
2786,7955200
2873,3297000
355,2996800
10745,5656800
2304,1276300
1551,1177900
1282,732600
1237,6888700
4913,4392900
1176,5328800
10261,6113100
1473,6629900
405,4474000
315,1720600
296,1229300
21414,8734900
296,1374200
1421,4492900
295,1209200
6880,2542100
685,4947300
4697,4803500
7000,6535100
5446,4662000
505,7078200
513,364600
412,4980100
4653,3990800
381,3662900
984,6385000
1446,5088100
2449,5188200
944,5703200
386,3594000
341,2625900
515,493800
315,1902500
727,6302900
2908,3831100
5987,5924400
643,3752000
303,1660400
379,3537500
365,3078000
373,3647900
409,4361400
3058,1233200
1851,2576200
345,2558600
653,4226100
1646,3716400
564,1737800
1716,5743600
547,1356900
381,3651100
591,2415700
498,6733800
7274,7399300
5983,5586500
6377,3076400
257,236800
11828,7249300
372,3715000
1875,3171200
453,5261200
1985,6481900
2778,7006800
840,2535100
297,1523700
7082,8327400
1769,7787600
1085,2866700
289,1246200
2625,3177900
325,2202100
3148,3567500
7192,4715100
3815,1389700
354,3144500
7781,6417100
281,860600
414,4617400
1010,6902200
2052,1226300
284,1036500
378,3477600
4568,8182600
1379,3350800
574,2098200
664,4726300
548,1431500
6053,7343300
279,1285600
551,1704100
2338,2164700
8910,4009000
383,3592600
2733,6686500
2471,5715700
1203,5534800
7610,9578900
3103,2590000
7987,6425300
339,2983000
1520,8395100
894,3983800
424,5584900
1187,6171100
3113,3081600
9225,5338600
1554,1372600
324,2072500
575,2577300
320,2268200
1347,2829800
4559,8232800
1345,2479400
3407,4511900
13774,5835500
7121,2118600
258,245900
523,592500
612,3269400
2941,4787200
316,2047800
3083,1819900
11741,4847200
5133,3737900
2537,7482400
259,355300
1246,7538800
17358,8417700
6519,6879800
979,6059500
3023,7865600
759,7289600
283,890900
410,4306900
345,2509800
1143,3895900
1104,2737300
454,6007800
807,1598900
1676,4818100
748,6722300
3118,2906600
325,2290200
288,1066200
1849,2483800
2858,3238800
796,1433700
278,997100
3018,8361400
505,7113800
6889,2918700
368,3311400
16322,6516600
1784,925600
634,3835100
872,3958200
5389,3628500
615,2979900
1512,7321200
359,3001700
341,2405400
321,2010600
1997,7295400
337,2419300
6607,2088600
497,6678000
532,891800
17037,5948100
338,2778300
327,2021400
1110,2831400
405,4230000
1054,1403200
713,5494100
1027,656200
466,5703600
5135,3029400
682,5217400
1132,3447000
360,3155700
719,6096900
3932,4398800
8938,3694900
6561,7738500
410,4370500
1615,3672700
1174,5065700
2553,1235500
612,3011500
427,4678100
895,3941800
3550,8165100
924,4976100
854,2885800
810,1655900
337,2574900
3690,4610200
3889,3206400
844,3172000
330,2217800
1934,5770300
6917,3982700
399,4251900
2617,3391200
638,4479800
733,6475800
1724,6898900
873,3552700
436,5035400
272,615500
735,6979500
304,1876300
326,2473500
1935,5083300
2261,6586700
6185,4939100
334,2928800
274,814700
329,2076400
1223,6339200
3050,1169600
987,6347300
1478,5908400
970,6314100
1566,2267500
506,8939800
562,1928700
269,748500
752,7294800
992,6492700
2098,2639600
5794,9057700
380,4302100
1081,2616400
2415,4706000
302,1922100
1032,1048100
7440,5571100
992,7789700
4666,4578500
2770,7289100
954,6106200
14311,6930300
388,4217300
5302,7456100
1658,4662200
535,1035000
1987,6107800
275,654000
627,3491100
12221,4636100
4654,3648100
947,5208400
427,4616100
327,2340900
2322,1600500
11047,6674900
3763,7667200
1543,1146000
2948,5255300
265,477500
8030,6999800
303,1508800
3927,4130200
359,2886900
5452,4557700
8193,4577700
721,6115300
4487,6569500
17630,8134700
15437,9412400
13206,10062700
1840,2453300
9785,6153800
881,3548200
658,4550600
414,4570600
398,4064400
1016,328400
615,3431400
748,7056200
1752,6777200
7202,4542700
282,1007700
385,3798700
1100,2789400
1160,4285500
285,960000
344,23801200
260,295200
1973,5906800
10984,5049000
1696,6231000
716,5911700
729,6054700
267,469700
1825,1881900
7269,6360900
2278,8447800
430,5317800
1756,7230800
1729,6068900
785,888300
850,2544000
7298,8088500
6124,2774500
691,5450300
8804,7406000
556,1736900
2175,4424000
613,3702800
816,2100700
768,432000
1104,2646200
972,5995400
4764,6811200
342,2455900
5006,6138800
319,1858700
1430,4751500
1541,946200
813,1577100
286,1017300
644,3882300
8864,9629600
1280,710700
331,2325000
2869,3186200
437,5176800
1618,3149300
7300,7012100
4069,1453400
10980,4814600
3755,6399300
2131,3253900
449,6205500
10958,4487800
390,3822200
298,1290900
10822,7481000
971,6067900
551,1357300
840,2431900
10187,3647500
763,292600
1300,1175800
13031,5748200
435,5286600
1429,4696600
894,4111700
729,6394100
577,2198700
381,3609800
622,3190700
751,6624200
444,5188700
4487,5667100
3019,7031600
1571,1721300
501,6642300
7232,5127200
982,6055700
772,538200
461,5805700
2393,3812900
1332,2081300
3057,1181200
349,2714600
3853,2239800
2916,4092000
254,116800
3590,2024000
272,615300
263,389700
421,4508700
371,3130400
15872,8897700
1025,672500
4847,1890200
286,966300
3765,6990700
1342,2679900
1112,3269300
408,4223700
266,438900
668,4620900
1019,490600
305,1545100
349,2707600
254,121400
10552,6836900
5516,6586900
357,2872400
520,534300
342,2465100
1246,6732000
1788,846000
271,571100
1229,6180600
1736,6328900
6347,8672200
2473,6193000
850,2862900
382,3483700
5918,4120100
302,1573400
256,235700
2251,7050300
384,3522700
836,2215500
5586,8530200
1201,5571800
1138,3717700
1369,3144600
1107,3186100
1906,4113200
12887,8947500
459,5746200
4023,6673800
2917,4057200
1296,1152300
685,4852000
2307,1446900
5916,3640100
911,4467100
1028,696600
12122,9051900
5881,2808900
2396,3890700
292,1161800
265,521900
556,1548300
259,280900
300,1386600
11939,4046800
485,6313500
4229,5811000
1051,1691400
1699,5462700
1290,979700
292,1120500
3768,6585300
771,498200
329,2360800
2245,6702900
911,4313900
1721,6229000
380,4071300
1312,1965300
1932,5398400
4725,5678200
334,2505100
733,6236700
267,465100
278,825700
351,2797800
354,2989700
1675,5485600
716,5993100
825,2197900
3302,1159600
259,307700
2347,2442500
11157,11021100
268,757000
864,3547200
14121,9098300
1171,5658600
473,7397400
1329,2296300
3236,7595500
683,6224100
510,375100
756,7974600
7585,8284800
445,5714100
1692,5574600
570,2028700
1254,7971700
981,7639800
3583,2222000
2048,1444200
613,3351900
569,2138700
312,2153300
1627,3382300
5291,8039600
319,1916200
440,5280000
8280,6837400
1232,6929200
2506,7016800
4013,7018400
639,3651700
691,5721900
2340,2178000
967,6188700
1603,2606800
7009,6202400
1114,3152800
2135,3696400
377,3477800
349,3232200
2453,5326700
2782,7174500
616,3514900
728,6415100
3765,6966700
766,441800
765,395400
17550,6534500
2712,6835400
342,2875500
319,1897000
535,1014300
299,1443100
12827,7110200
1172,4738200
312,1665300
3694,4976800
338,2482000
991,6925000
9756,5861200
4763,7594800
459,5606200
3920,4025300
761,7358200
846,2718200
2618,2921100
259,330100
308,1581600
258,225800
1013,7154500
1807,1308800
930,4630000
2050,1067000
8167,3599400
1322,2186000
456,5464300
1379,3401600
460,6030500
14411,9455000
4398,3405400
2128,3294400
423,4521600
4486,5664400
598,2506200
5983,5855500
326,2133900
976,5886100
326,2215400
262,434300
3041,7813000
546,1286800
1675,4820200
7756,6446700
7776,6625500
759,7290900
11176,3629500
1152,4777400
328,2494400
527,1004900
591,2477400
1621,3173800
1826,2186800
660,5705800
1152,4558700
360,3155800
703,5564500
624,4141000
1741,7743700
337,2842700
354,3371200
2330,2419900
589,2641400
1143,3956800
1483,6772900
304,1537400
3975,5750100
349,2697900
1918,4698100
309,1678800
1362,3264300
318,1870000
529,913200
1472,5933700
421,5208500
1023,593200
747,7304600
1914,4563600
3215,5967600
1984,6809200
1642,4365100
962,6325700
664,4757000
2860,2981800
5592,2303800
1970,5779700
1371,3459500
419,4705500
4991,6033600
573,2085400
3274,7456900
367,3372000
826,1926400
613,3050200
555,1604700
745,7059900
1333,2406100
695,5121000
882,3406400
633,3872000
2469,5530100
308,1619700
271,555000
895,3750700
653,25893500
597,2679100
1334,2149800
1822,1857600
906,5183900
542,1199300
2679,5069100
5225,5714100
734,7079200
1658,4517000
973,6651600
1820,2043500
1572,1813200
8271,6989900
1406,4293300
300,1517400
299,1559600
770,470400
743,6566600
2687,5873000
1096,2719200
426,5029500
1030,723600
763,252700
917,4881400
14863,7976700
312,1704300
399,4119500
262,378600
273,599400
1158,4137500
405,4145000
3689,5242400
1121,3450800
4536,7783900
2597,2589900
625,3470300
4759,7561400
6634,3633400
1122,3759700
6086,8843700
256,297200
725,6174100
411,4639600
780,785100
863,2942000
616,2991900
949,6670000
5336,1672000
432,4850500
1642,4099000
571,1831800
5212,4881200
294,1160500
431,4826800
425,4870500
1072,1875000
293,1179000
3311,1311500
4848,2052500
269,649400
298,1304500
4025,7331400
3027,7209500
442,5719400
1945,5302500
7511,5994300
1590,2133100
6582,8177800
291,1125400
323,1993800
361,3068500
9759,6414100
374,3403400
600,2696600
7461,4735100
2037,813400
487,7147800
493,7558700
356,3099900
918,5326200
520,646500
1386,3871200
453,6464900
1086,2837800
5432,4949600
6202,5434200
890,4021900
1540,954000
3752,8264900
628,3458600
420,4882800
308,1791600
3569,1390000
276,749000
1923,4974600
384,4049900
302,1398300
637,4121800
1271,691500
19455,10130300
568,1871600
328,2071000
444,5219900
619,3181500
3925,4225100
553,1573600
616,3171200
7997,5559000
9076,8590600
469,6374500
1111,3215300
320,1924700
456,5429200
3534,7475800
1285,946800
449,5245400
5009,6386200
18220,10975200
9987,5375900
458,6765100
337,2935300
2650,4696200
1031,961000
261,387000
2109,3142500
395,3862800
936,5276400
2350,2528700
4014,7544200
1215,7144600
4024,7406000
255,215300
565,1990700
371,3562900
1137,3842900
855,2738900
12588,7777900
4183,4390000
1237,6538800
2944,4887200
886,3622600
373,3347600
329,2113100
1118,3131500
475,6104200
2394,3552300
488,7874800
1298,1323500
900,3906600
2032,733700
898,4054900
623,3875500
491,7039700
6036,8542900
267,554500
437,5372100
2369,2929500
1085,2143700
1707,6031900
10637,9369200
5441,4828600
1044,1253300
286,1070700
2719,5637400
434,5126500
276,710000
434,4946200
649,4805200
821,2126700
1022,458200
2638,3559600
1157,4171800
269,509200
345,2641800
1350,2461200
870,3272000
462,5595300
1625,3112400
1005,7140700
431,5561000
1135,3956500
992,6477400
3478,5787300
3206,5132100
1633,3677200
462,5687400
785,1057700
338,2318100
451,5546000
5862,2507300
472,6706900
277,908600
578,2598400
3592,2521300
3514,6798100
394,3827100
845,2563000
660,4436100
826,1984600
17983,11306800
420,4885700
388,3765000
15802,5703800
892,3781200
2236,6312200
12373,8876400
1437,4964300
319,1793200
606,2941400
504,6718300
270,567500
12892,8660400
1498,7263700
11896,8975800
1033,978500
876,3595900
1902,3994100
1674,4376600
8081,8325700
547,1469400
1246,6693100
1043,1149200
441,5297200
1503,6615100
1544,1191100
6174,3959400
6773,6237000
288,1011000
15071,6996600
2674,4889600
1050,1587100
3840,2523000
1024,558000
4339,1947500
1104,2879800
275,802400
286,1001800
921,4879400
764,324900
3449,5623600
988,6878600
4813,7570200
5295,8991700
478,6959400
833,2248900
934,5776900
866,3087100
1586,2435500
268,788100
498,7164600
303,1472100
667,4657300
903,4077500
1653,4017100
337,2264500
6128,2806700
13922,10092000
5620,2485200
895,3849100
427,5673700
3449,4983700
5570,7868900
875,3290800
1437,5150200
276,750100
1668,4378200
710,6037800
899,3974900
1194,5169100
2899,3506000
822,2151500
9304,7159200
1715,6146200
754,6871600
2577,1857000
415,4580000
1985,6259000
6355,1967400
8943,4985400
837,2426800
436,5786500
3793,7595400
639,4048900
578,2382900
3338,1954800
385,3648700
909,4224200
1015,7458200
291,1193500
427,4837100
1247,6756000
832,2150900
1872,3075800
256,175800
6679,4131100
15128,8137800
806,1461300
390,3893400
908,4317000
609,3512300
316,1803000
400,4005100
552,1376100
283,923600
1005,8544900
604,3162500
334,2652400
612,3877300
283,1123400
1540,1007500
15980,11340000
8673,3636200
3909,4128900
2774,7617200
746,6811300
14295,6913800
421,5288600
1863,3232100
15369,8468600
672,26710200
681,5151600
285,1361600
1720,7019600
4169,4537400
1197,5547800
900,4106500
532,939300
488,6267400
4292,7506800
763,288600
11991,4849700
337,2386500
907,4353600
2908,4057300
256,192400
14579,7019100
3161,4351800
2092,2587900
5520,7320400
13150,8913800
867,3415500
2086,2109200
908,3996200
309,1665000
1595,2267000
754,7748500
9146,3799300
749,8054800
455,6613200
1804,1528200
2679,4757500
654,4276800
2699,5022000
381,3524100
2186,4900700
1222,7116900
558,1982300
1027,843300
651,4219900
304,1959200
430,5015800
1154,4231800
262,420600
698,5659100
261,294800
360,3072100
3126,3124700
3212,5609900
263,379000
16651,9385900
4294,7726900
335,2361900
1273,511300
325,2014800
859,2792400
11951,4232800
9689,3663600
277,764800
5786,6885000
268,773400
283,1033700
1300,1276400
766,342100
369,3696800
472,7091600
292,1387800
3304,1446100
1017,376000
3591,2002900
1678,5525400
809,1518200
440,5425900
267,479500
5707,4937900
4180,4749600
2873,3227800
410,4867400
5130,3191600
958,5688100
666,4635600
2306,1401600
484,6611500
5567,9703900
382,3652800
7784,7707700
1891,4069900
352,2836000
369,3375900
337,2933300
795,1827200
2621,3630600
362,3431300
338,2856000
308,1832200
5808,7793400
337,2362200
316,1809200
1882,3400600
2501,6643400
305,1563300
824,1976700
1547,1154300
524,644900
6190,4231400
7336,8269400
13858,8533000
817,1994800
3968,5269000
15080,6712800
746,6923300
1208,5578500
9252,5657400
775,643700
2124,3103100
1210,5937500
357,3088700
5592,1832500
394,4270200
2269,7191200
426,4954700
1790,850100
1746,6524400
319,1841200
266,437600
1416,4608000
439,5020500
1707,5396500
3716,5454100
14320,6443300
9005,7096900
425,5045100
751,6755400
1207,5839200
1985,5899700
987,6668500
493,6881700
675,4598000
403,4138800
1520,7870100
1907,4028200
10352,8870600
2066,1667100
2364,2876100
477,7419700
361,2999300
263,382200
432,5001500
419,4776500
414,4364900
297,1307500
552,1409000
584,2480100
374,3818000
2841,2227500
4064,1064500
787,944600
3679,4337400
779,876700
834,2255500
488,6471900
2249,6240500
11661,10297400
2330,1928200
397,3996500
8028,6591400
610,2986400
377,3663100
3441,4676300
759,7272900
727,6394900
501,6605400
287,1063700
1124,3171800
1797,1146300
4308,7884700
932,4977400
560,1970100
258,297700
5708,5893100
6917,3650400
264,405500
537,975800
14687,9668300
931,4788200
1946,5307900
1161,4382500
3103,2601500
5270,6993700
3291,8080200
1217,6020100
766,350600
270,595200
771,539300
792,1085400
492,6511500
3217,6035800
1031,793800
1508,6739800
1010,7119000
806,1464400
3316,1500300
387,3652200
825,2052500
479,6680000
2320,1853200
1789,807000
1580,2074300
6219,6164600
311,1981500
284,941600
7962,5270700
860,3044800
2158,4363500
9754,6224600
994,6972200
2091,2650000
520,582700
362,3153500
349,3038900
459,5741300
740,6595600
9444,4178300
6429,3846400
517,448400
3321,1454100
19068,6199000
2607,2612500
3291,7878100
3107,2740900
422,5013200
793,1341500
1365,3234900
4533,8072900
920,4610200
858,3040100
1147,4013700
754,7027500
796,1428200
1495,6980600
935,5524500
523,730600
345,2849800
11607,8814200
412,4654600
361,3228100
8194,4803500
5115,2348400
2469,5566900
795,1140300
958,6706200
7720,4969900
7200,4131800
943,5286500
721,7424900
2533,7418300
3745,6173200
2893,3907900
283,1173500
3751,6187700
6005,6079300
531,926400
9845,9039300
1990,7271600
11452,4804100
330,2280900
1019,407300
302,1495000
315,1769200
865,3428200
314,1769400
1105,3025300
271,624800
325,2048300
312,1694800
268,564900
307,1521500
1073,1919900
932,4967800
1029,816300
