32201
14265325
14759099800
1646,8040400
15662,7822300
187,2078500
166,1185400
132,276200
902,1182100
129,200200
471,2937000
239,3778400
633,698500
381,390700
2880,4161800
376,3448700
130,212400
282,946400
190,1856200
2841,3050800
133,308600
1228,3857100
1268,827400
227,2772000
344,2753000
4805,2577300
1316,2071500
1052,1881200
415,1308800
326,2199000
404,1261500
458,2380600
7317,3394100
504,272800
1103,2935900
228,2923900
168,1310800
590,2658600
228,3124800
1199,2695700
149,751100
1001,3677200
842,2908400
251,3457100
186,1777100
300,1422100
275,747400
6596,3961700
617,3748300
288,1149500
738,3282100
797,1581600
307,1659600
389,507000
939,1909900
2745,4590500
2292,1638100
143,717700
4190,3165000
160,1184800
326,2083500
301,1682400
664,1297800
488,3569300
285,1094600
761,538600
3415,1778100
3124,3939700
801,1602800
423,1418400
12423,7886900
3084,2914100
475,2743000
3415,1772700
459,2814100
133,358500
1589,3416600
1012,779100
635,587100
1745,4026800
315,1925200
9416,7578400
1249,4115600
821,2146900
243,3348600
368,3222200
857,3184700
7476,4273800
987,3180700
511,433200
185,1638800
143,546200
2370,3889400
1024,1007800
10373,6191900
2195,2374900
1265,752700
12552,8294400
285,1247400
587,2710900
3737,3913300
3402,1578300
482,3107300
13575,8695400
220,2867000
243,3325700
10579,7665700
415,1276600
3979,3595900
399,756000
1532,1234100
160,1034200
1161,1193200
950,2219100
138,414800
168,1381700
19066,10224700
161,1068100
3523,5143000
582,2388600
433,1642400
11573,8645400
183,1680100
626,3690700
172,1301900
141,485600
225,3311000
8034,6236700
3517,4684300
203,2298100
8120,5076600
281,934900
1785,1325100
1273,936200
362,3117900
766,647600
430,1551600
677,1681700
214,2546500
4084,3099900
8352,4994700
10361,5493800
216,2539100
10257,5852800
516,745300
653,1139200
4115,4159700
2270,1425200
155,1152700
239,3226200
14468,9334200
15821,9571300
4343,3584200
239,3340100
865,3566800
380,282800
883,494600
1104,3026300
339,2552900
170,1263400
644,823300
3793,2058400
167,1394400
207,2183500
136,367500
4333,3474500
451,2367800
2493,3940100
367,3471300
3397,4953700
3139,4849300
472,2838200
14109,9950300
144,615400
806,1773000
1437,2075000
155,832100
1395,1005600
3354,3499600
176,1435900
771,799500
3645,4635200
144,668100
488,3049300
439,1900400
127,150000
8962,4683900
169,1355800
384,380500
313,1841100
159,977400
1220,2915500
1455,2875500
228,2761500
2550,2113200
221,2976700
358,3039300
9634,6410200
913,1377500
957,2375300
2727,3552000
9152,6249100
710,2431600
228,2692000
424,1421300
1873,3635800
243,3383800
275,1012700
212,2364900
10774,6411100
369,3300300
247,3651800
8066,3444600
169,1332600
403,841200
629,3659100
1156,1221600
237,3206200
1141,776500
673,1756900
342,2806800
145,671300
6041,5670400
221,2715200
3808,2645000
6345,4672600
3514,4990300
1097,2955100
315,1933000
255,234300
2765,4790300
159,1082600
1734,3187100
157,862500
236,2947800
508,352900
655,975600
218,3085000
126,140300
1434,1931000
488,3112000
13934,8601200
181,2026400
800,1638000
144,621700
2229,3395800
10932,8472100
1517,1214100
1022,1269700
177,1542700
641,667600
2276,1339600
149,816000
395,712200
327,2333900
721,3104000
5894,5644700
14451,8818200
1301,2318000
587,3113900
184,1824700
166,1249000
257,395600
238,3801000
16801,11351800
5079,4176200
217,3115400
13432,9204000
397,839100
147,1013500
286,1109200
1334,3052100
328,3064300
1458,2651400
196,2066800
1661,1384700
451,2126000
1303,2024800
378,235200
161,1079300
17309,10653100
287,1422200
10951,8621900
423,1541800
548,1457800
348,3398600
871,3535200
13307,8383100
306,1617300
13934,8534500
4247,4289500
186,1723300
608,3043300
143,599300
554,1583900
4170,2089100
235,3450500
1429,1821900
357,3334100
3273,6346800
137,403400
352,3543700
174,1609500
1007,3898400
146,646800
10634,7141600
390,787700
2087,2991000
535,1347600
1204,2496100
183,1634200
179,1590900
1334,2851200
2360,3517100
207,2687800
6792,6126700
401,1067100
242,3834100
422,1594800
4442,3104600
14292,8486400
1347,3020900
14583,8923200
901,976000
510,412000
277,1019700
2190,2507500
164,1369000
264,553000
524,817200
958,2456200
133,317700
149,698100
263,468600
6729,4728100
7063,5186300
186,1827300
357,2987200
313,1769600
152,900100
257,367700
352,2980200
3237,3922000
139,500100
167,1292100
1359,3175400
447,2084700
142,557600
893,735800
9012,6421300
202,2269400
1083,2513600
195,2014200
282,1004200
250,3916700
336,2782300
226,3050200
138,440200
1065,2267600
603,3249900
311,1963000
144,598900
261,560800
533,1312500
4327,3409500
3613,4270300
161,1123800
697,2257100
522,888700
2166,1624500
1234,3832000
11241,6042300
565,2001400
727,3231800
3252,4374200
5346,3722400
170,1237600
13759,6626500
261,437800
2851,3344900
151,796900
1507,3771900
15372,6886200
2373,3825500
1281,1147900
1601,3100900
241,3334100
4877,5369400
9015,7506000
400,871900
314,1929700
1541,1433700
328,2410200
2930,2262300
6938,3792300
462,2757100
173,1593000
2092,3365700
3139,5039300
793,1771400
2568,2633700
168,1313300
678,1721900
1846,3701000
684,2265400
2580,2947300
2619,4601800
8014,6038700
1229,3885500
166,1569900
395,739000
7006,6070200
380,508000
3291,2063600
397,1020000
16396,9091800
6508,5868900
666,1499400
2370,4623600
328,2375300
6586,4180100
248,3600000
3332,3549600
364,3210800
137,412300
716,2615400
10178,7657200
4373,4572900
974,2956800
1192,2115100
205,68960300
14229,9280100
806,2508800
235,3166700
3500,4157700
169,1297000
416,1231000
197,2060000
217,2697100
925,1585300
169,1248800
5264,4815700
4721,3535700
160,1010900
656,992800
2518,4664900
3284,1736500
4277,4970900
5181,2532100
161,1063200
177,1508300
1025,996100
162,1021200
326,2242200
418,1219100
14741,10286600
344,2717700
142,536400
906,1297400
476,2871800
134,313700
1217,2684200
661,1226900
166,1213900
160,978700
680,1795500
8329,4364700
385,459100
218,2642200
139,429100
978,3350200
732,3155900
1037,1831100
316,1890400
497,3394800
195,2263500
249,3366300
207,2473300
1708,2678700
5588,3685200
3636,5161800
304,1570300
1712,3109800
174,1505200
310,1836300
191,1989600
248,3870700
1969,3493000
4622,4814600
1577,2634400
257,301600
472,2795900
2232,3595800
3539,1803900
231,3053900
1521,965400
226,2799900
543,1659200
248,3531900
146,637900
547,1506900
1276,1106300
761,484000
181,1725700
1060,1832400
365,3107500
207,2238700
645,818800
1304,1815400
462,2550300
643,869600
711,2822200
404,1060300
4879,4768300
1795,1632400
3862,4100800
134,351600
283,1011500
497,4243600
212,2525300
705,2444900
185,1820900
152,951900
1472,3572600
12565,9772800
545,1480200
132,319600
218,2666100
639,689600
260,585200
318,2632600
4798,2393600
238,3560700
231,3150000
388,674200
14433,9498100
404,1204800
354,3649300
223,3306200
923,1783600
239,3762500
7641,5871600
1624,3906700
944,2239100
399,871200
138,443900
711,2590100
861,3159100
1423,1722200
4503,4705700
285,1185800
452,2254300
588,2660600
167,1240400
423,1491300
247,3517300
172,1375400
210,2590700
1920,1896700
12676,7756800
8791,8856500
141,685200
279,1179600
411,1615600
861,3965100
1384,4634500
1608,3406800
777,1210500
338,2629200
2543,1820500
166,1208900
381,383500
134,342100
872,4093600
1248,3910700
1150,936000
246,3286000
286,1251000
686,1897900
2945,2805900
2793,1792000
7012,5765700
363,3371400
767,903800
1052,2350800
239,3562600
1064,2313900
219,2714200
238,3088200
226,3001100
869,3461900
738,3442600
181,1639000
738,3381600
569,2019100
1208,3089200
180,1578000
2529,1509900
136,728800
1453,2661300
356,3048900
426,1608800
248,3550800
377,3994800
265,632800
129,188300
16060,9658800
718,2950500
2777,1432100
2487,4212600
1270,1132400
988,3437400
4746,4409300
641,601200
228,2999000
369,3463400
3143,4956900
134,487600
322,2190200
4156,5684500
237,3121100
157,947500
1716,3171100
160,1107000
874,3789000
480,3883600
205,2711600
663,1267300
620,3358900
152,816300
2500,4162400
2034,1827100
266,622900
264,484700
376,4132000
170,1598300
1918,2138700
231,3109200
330,2490800
2511,5877800
2663,2219000
7294,6916300
295,1435100
143,550900
166,1264500
15203,9927200
852,3431100
505,327500
624,3846500
3913,2008300
447,2113900
697,2199000
185,1797700
169,1506000
1086,2742500
182,1720500
2942,2563700
2507,4163100
253,203600
1795,1552400
434,1675200
702,2674500
1104,3198200
264,500300
140,500600
2447,2498700
167,1307400
4958,3561800
377,3719800
317,2019700
162,1089000
190,1856600
130,247800
378,219500
968,2723900
1829,2763300
2102,3750300
431,1963700
264,515800
5535,5724800
216,2559200
3363,4672800
383,544300
344,3202300
450,2258600
385,395500
335,2989600
839,2630600
4994,4791800
179,1625800
157,1147300
752,4837800
1131,4782800
253,269700
132,384200
909,1334200
446,2220000
368,4568600
4808,3428600
1948,3276500
496,4153900
471,3519700
259,402600
832,2678800
1758,5307300
135,416000
1269,854400
328,2392500
3417,2668700
270,780100
1370,3745000
178,1556500
346,2875100
2258,4429700
1887,4961900
629,3890900
161,1234900
1061,2118200
141,594100
600,3371000
388,680200
511,592400
367,4079400
133,396900
3551,3004200
6204,3794700
196,2446700
3484,3742000
447,2088600
430,1967800
247,3640800
140,496000
5401,5983200
3485,3987200
4455,3947700
211,2467400
197,2272400
199,2679700
335,2979500
130,222400
704,2827500
7643,6328800
549,1564600
620,3735100
195,2483700
5831,4508900
2104,3578900
176,1847100
266,602000
821,2302200
1049,1985100
517,766500
172,1621200
187,1906300
190,2135300
172,1545600
3981,4103700
730,3126300
357,3499400
229,3371900
234,3684600
1290,1670300
1152,1029000
2589,3116700
161,1385600
349,2918500
2451,2633600
457,3373600
661,1553500
140,573700
224,3317400
1209,3261900
639,726100
1237,4863000
908,1417200
556,1804500
2009,4084400
4440,2791100
252,255300
494,3681100
976,2962000
235,2981200
460,2470900
5744,5403700
600,3509400
186,1950300
1311,2277600
2819,2841800
172,1469600
516,637500
804,1639500
554,1711000
215,2553200
4729,4058600
431,1661200
390,518800
208,2649500
251,3897800
3933,2794600
271,784700
829,2402700
1197,2365300
326,2506400
436,1877700
140,571400
1059,2040200
189,1790700
631,378600
4399,5096100
1141,758000
773,1027500
177,1478200
134,337100
615,3267200
3773,5072900
1545,1709600
1096,2823200
242,3536200
14372,6754000
3368,4607400
306,1970000
284,1060200
3851,4216300
617,3607300
423,1613600
376,3534800
668,1579200
3830,3203400
1824,2477600
186,1834200
479,2956700
450,2151900
376,3684700
181,1613300
588,2614000
409,1123300
6009,5058300
1088,2816200
522,796500
2389,4361600
1104,3407300
266,624200
363,3122700
3021,5133900
891,682400
2069,2492200
523,802600
581,2426000
4185,2730900
916,1342000
3107,3722800
314,1840600
1481,3446600
4235,4591400
506,757700
202,2392100
447,2313100
9260,5902000
6467,4214400
173,1545200
2004,4167600
247,3354400
7987,4719800
2454,2789100
283,1107700
996,3936900
133,356400
4870,4336000
216,2537700
1406,1217900
229,2925500
313,1812600
369,3422000
396,815000
217,2551600
327,2152300
2888,4488900
126,111400
4241,4447100
687,2104300
277,915500
2025,1191000
1880,3907300
4074,3207500
202,2154500
145,722600
599,2740700
1940,2210100
2074,2486400
3229,3469600
1211,2865900
297,1429700
5302,2798700
140,530400
871,3737500
1361,3420300
213,2366000
2717,3746700
3478,3546900
1314,2145900
543,1330900
771,755000
1094,2832900
398,755800
9145,6050700
2268,1041200
128,171000
723,2831300
163,1126100
235,2876500
2120,3824800
409,1095400
1263,705800
6524,5323900
166,1140100
186,1690500
251,3343700
236,3328100
957,2526900
214,2549100
306,1624700
243,3283600
1756,3788300
130,306500
385,483000
8714,4692900
1336,2551300
430,2049800
561,2026000
2781,1487000
453,2222000
441,1713608000
230,2932400
807,1669000
275,772700
285,1333500
326,2121000
359,2943800
921,1447000
12368,5590700
6108,4092700
418,1273700
2018,896600
964,2557500
7727,4392500
165,1108000
142,530900
4946,3192200
205,2183200
7996,4851800
402,1122800
135,424100
1437,2516700
158,946000
428,1493800
141,883500
225,2833400
5836,3589400
321,2084100
388,479200
275,787600
941,2023400
1213,3005100
837,2904000
147,638600
3756,4377700
209,2608100
128,161200
453,2261600
1788,1409200
280,1012700
1933,2227200
4405,5711600
250,3562600
231,3037700
3878,5098600
280,925700
1071,2546400
435,1915300
230,2968500
6803,6637600
356,3132300
199,2059400
213,2467100
183,1692700
1824,2652600
869,3877800
268,600600
884,498500
389,486900
895,815300
194,2184500
1021,1101300
303,1554600
2774,1275400
435,1700700
892,746800
250,3451400
204,2121500
649,884800
1080,2497700
768,996600
8943,8221600
545,1462100
1020,825500
449,2116200
1483,3376100
270,696400
6561,2970400
140,708700
1123,3733800
233,3071200
1064,2099000
6393,5497900
1555,1983900
1647,968600
135,405700
1554,1761800
739,3189400
1087,2557400
180,1824600
233,3113200
160,1158800
249,3460500
651,888800
216,2579300
930,1683600
190,1799700
246,3185900
2944,2878500
337,2480500
1488,3442300
1245,4123100
1084,3063200
1439,2518200
1990,3512900
178,1474700
410,1115700
7656,6388500
503,4047200
353,2954400
3314,2675200
126,131400
153,863900
749,3633300
2164,1721200
176,1741900
557,1887500
3406,2085900
7520,5755200
126,140300
265,597400
3253,4858700
1369,3884400
5440,3592600
352,3541400
298,1781800
165,1242300
459,2570200
623,3775900
1913,1449600
1127,3788200
256,262600
570,2314300
215,3085100
698,2332600
969,3147200
422,1570900
224,3609100
127,206900
391,644600
677,1715600
392,706800
1598,3189700
534,1134900
354,2992600
433,1771500
145,600000
243,3454900
220,3304200
598,2938700
158,1004400
206,2697300
156,963500
238,3169900
676,1886800
567,2141300
203,2325600
169,1510600
423,1499400
257,444600
265,571900
484,3262100
702,2421900
436,1992100
1223,3227600
2227,3395000
1359,3654000
1617,3648600
674,1627500
247,4025600
11323,8280200
1018,798700
611,3354700
1781,1737100
201,2223200
177,1729800
232,3009000
1995,3684100
131,343800
955,2785000
7089,4000300
272,677000
1141,697600
724,3013200
2198,2551200
413,1148300
1483,3876800
165,1271100
335,2452100
2680,2170500
892,728000
184,1660200
448,2248500
174,1352100
11890,7019000
13350,9355600
1601,3286600
243,3347400
295,1387600
13138,6822900
4310,2716100
385,440100
225,2851800
893,853000
790,1306500
253,200100
638,549100
148,753300
2981,3622600
233,3513100
386,476500
1769,945500
743,4210500
164,1221600
1083,2655000
547,1438500
138,500900
227,3003900
413,1139700
11975,5554600
242,3129700
1394,831600
10624,6020200
3204,2856700
480,2955900
2156,1789800
215,3009600
873,3921900
131,340400
493,3563900
1460,2648300
252,203200
188,1765400
4905,6011200
473,2812400
684,1833300
185,1661900
141,490500
605,3489100
1417,1585100
1327,2469300
766,783100
287,1095600
206,2221200
347,2832000
244,3261900
16633,7914300
361,3095700
9631,5619900
4221,3655000
1028,998300
413,1346600
449,2134900
2122,3779000
179,1634900
2290,1686500
130,232200
288,1387900
238,3312400
987,3208400
215,2599700
1724,3734700
11760,6920500
2152,1316300
1390,788500
2004,4108400
2023,1152400
769,729300
984,3586200
1951,2712700
144,600300
135,383800
686,1865400
317,2120500
1113,3231600
859,3261700
147,945200
1312,2151400
488,3437500
205,2623000
159,1049600
361,3169200
388,532600
152,844300
262,559400
460,2603500
147,645300
12874,7799700
364,3339700
154,914300
855,3387700
1207,2694800
215,2562300
159,1056900
458,2548100
132,347900
2908,1819400
14549,9593900
1039,1401400
365,3338100
548,1550700
957,2530100
174,1513600
1597,3095100
2625,3853700
1011,614300
8362,5613700
182,1685800
371,4018000
194,1976900
953,2448000
748,3672900
142,727800
2849,3752500
2535,1757900
352,2935000
128,212500
1541,1575700
131,243100
154,917500
755,4095100
567,2136000
162,1293800
2026,1414200
248,3670200
214,2655600
2129,4337800
1043,1608200
1877,3977900
898,908500
557,1938600
2017,1112300
267,586200
213,2730500
551,1738200
11654,6947100
497,3687500
11613,6029900
189,1970400
165,1231700
3120,3908100
1558,1872800
576,2518900
285,1303900
3846,3712500
8099,4568400
145,792900
5477,4932500
128,241300
184,2130300
177,1647400
216,2454500
173,1440500
301,1493500
1435,2015900
239,3149100
621,3718800
1935,2296000
1443,2310300
166,1486700
143,586000
476,2797800
149,750000
1119,3582500
363,3340000
420,1474200
167,1671300
1449,2707900
392,631900
481,2967600
130,232400
227,2930400
165,1429000
3190,3018100
126,173900
15760,7315000
155,909400
1799,1799600
260,440100
830,2422100
4099,3589400
313,1819300
153,842900
1310,1957100
189,1768600
936,1867400
923,1864100
3745,4144600
976,2980800
456,2605700
353,2936500
195,2050100
561,1819300
144,685400
232,3092300
10087,5710700
1172,1583900
210,2365600
148,728800
137,384900
136,474300
147,857100
257,361000
475,3156600
2487,3698300
348,2810600
3512,4663000
757,406100
417,1199000
170,1362700
146,684800
350,2691900
150,731600
12322,8521300
161,48595000
149,769700
361,3156800
1009,548900
2855,3317500
1893,936100
7387,5200500
800,1581800
419,1315500
263,443700
3341,3338900
239,3140000
587,2607500
6674,6280200
2403,1311500
898,850200
415,1332200
186,2184100
576,2274000
210,2401300
3758,4671700
320,2406500
5377,5555200
928,1939600
126,123000
299,1518200
14962,9425600
135,400200
1829,2563100
194,2557200
1606,3299800
3426,2108100
360,3222100
2424,2032500
3538,1861600
340,3182600
236,3014800
5965,3810200
546,1411200
1728,3118500
194,2262600
16356,10020400
276,809800
242,3164400
1264,700400
4028,5002800
553,1594800
2254,3971400
287,1051200
1000,3741700
1193,2180600
765,765700
362,3147300
6406,5684800
377,3532200
2033,1401900
16055,8458000
1922,2045400
820,2252800
447,2107600
1098,3146500
10348,5674400
1790,1486500
302,1523900
426,1571800
1737,3329600
6407,5603400
140,527500
183,1680100
3810,2402500
4947,3159400
322,2539600
3753,4296400
193,1956800
5172,2466300
590,2909900
1686,2193600
1145,846100
514,583800
333,2318700
244,3261000
137,414700
498,3373300
209,2634100
764,675900
2477,3573500
491,3338800
292,1204700
126,156900
154,1007300
359,2977900
456,2367800
1432,2193200
297,1395400
1513,772900
616,3290600
676,1554600
151,861300
2427,1974400
19439,10513900
18862,10640400
253,222700
133,301800
338,2505700
238,3235000
414,1162500
13039,7629400
2552,2077300
1166,1363000
1322,2574400
156,1141100
2063,2756700
8045,7125200
281,1067400
297,1443900
2331,3223400
1890,871700
8910,6825400
2415,1654800
1074,2326000
389,558700
157,936200
132,332700
197,1965900
218,2728900
126,118300
852,2938600
405,938700
153,841700
855,2960600
789,1272100
519,679100
368,3275100
835,2681800
824,2270000
341,2803000
5748,4986900
17479,10602000
7613,5094900
227,2919900
159,1056900
2356,3489400
1104,3635700
312,1864100
494,3346600
4798,2366200
130,275900
348,2828000
142,511000
623,3581000
709,2491300
2689,2318300
2065,2620400
146,818700
865,4022700
1241,4025600
485,3318800
555,1664600
5186,2995400
570,2215400
490,3164400
126,95000
385,430200
134,357800
2947,2534500
662,1219200
7233,4658300
201,2474600
771,932700
492,4163800
8007,6081400
206,2474000
369,3580300
2658,1832300
1349,3001800
177,1481500
173,1758300
200,2350700
2342,3333200
5679,2786100
539,1269000
1362,3332500
517,612800
14610,10306300
289,1130200
15905,7473700
2997,4291000
258,354700
1998,4251900
621,3645400
130,233200
960,2678000
418,1459300
993,3345000
920,1448200
1186,2007500
2906,1554600
632,366700
138,463500
181,1520200
2018,1038100
1208,2663000
474,3348200
513,648000
218,2816100
887,565700
294,1597100
1495,3760300
6145,5403800
738,3198200
2403,1440800
205,2210000
2598,3106500
308,1714100
1342,3267100
174,1404300
272,648800
1296,1582800
130,277200
212,2398100
211,2345500
203,2186400
414,1262900
716,2660600
3529,1841200
301,1510600
588,2645500
3213,3184200
668,1359200
295,1330500
2227,3546700
979,3176000
131,263700
204,2308600
3013,4589800
1382,4245900
465,2472300
302,1538900
1717,2992600
13337,9148200
5460,4010700
290,1305900
212,2506900
253,211400
189,1831200
171,1543400
215,3130500
1002,4184100
560,1791700
549,1521600
2317,2566200
263,547900
344,2695100
1460,3019000
1745,3843100
14117,6945000
4677,3088100
1945,2393400
1593,2844500
704,2611800
146,737100
2136,4295000
424,1554400
170,1564000
438,1961800
2877,4070600
406,971100
4344,3565900
795,1455500
431,1638900
1425,1841000
1617,3568400
363,3221300
155,915000
131,247800
136,351500
192,1827900
131,305500
361,3147400
217,2714500
513,557200
766,664900
6160,5628800
737,3208900
138,514400
472,2993700
1031,1177700
338,2493700
8337,4434100
137,460600
270,712000
1247,3485100
4048,2539100
1016,752400
1407,1378000
235,3226900
1700,2384700
269,785200
1326,2517100
372,3546000
388,651300
666,1345200
145,650700
713,2828600
146,661200
5669,6131700
141,619100
1978,4043400
3108,4186700
334,2343100
647,810600
4679,2568300
725,2862800
131,302800
420,1537500
4296,2502900
6862,4472700
741,3308300
151,841800
180,1588100
214,2511100
1388,776500
186,1888500
552,1593200
2533,1459500
679,1657300
249,3411500
3024,1373200
1307,1939000
1445,2255700
505,303600
595,2594500
346,2641100
138,437300
704,2380800
232,3072900
171,1447400
126,100000
173,1401000
708,2447100
366,3155300
996,3477800
518,608100
159,1118500
147,886100
5306,2839000
499,3403000
907,1132900
1584,2669000
214,2410200
139,454100
215,2442700
5915,6191300
2045,1784900
1359,3604700
14745,6984100
1779,1431200
192,1892500
3448,2872900
1977,3337100
3518,4846300
427,1639100
198,2107300
1148,921500
376,3484100
196,2034000
448,2130900
1777,1133100
426,1604400
1073,2186500
3546,2006300
8224,5166900
342,2922000
1570,2463500
10157,7896200
237,3295400
618,3309700
473,2939000
1634,4179700
10279,6878500
4005,4410100
404,947700
203,2169600
371,3360600
12595,8901900
1049,1664600
265,556300
1381,3728100
346,2971700
150,951000
136,371700
178,1818900
1768,1356500
268,730000
401,933000
5527,5514600
191,1830600
1047,1546500
1179,1793600
258,408400
1641,840300
727,3887100
2876,4113300
16978,11693700
5314,2876300
421,1445400
2117,3540300
1363,3686200
1008,507800
142,569100
338,2730400
7930,6717100
329,2364900
379,239600
552,1990100
1627,3913400
649,865200
408,976000
1929,1947700
609,3095100
2144,1027700
163,1084100
382,387200
6386,5394400
5226,3824400
305,1625400
219,2702800
192,1839500
3766,4692000
365,3234300
380,263700
708,2405200
205,2477200
250,3582500
576,2949100
180,1605400
259,377500
8673,6725500
145,598700
141,526700
1503,3985200
674,1758300
2455,3189400
522,790300
475,2966600
442,2360600
151,767500
809,1832500
149,785300
6597,4011100
391,590000
1350,2943900
133,303100
323,2064300
6066,3096900
156,912300
3628,4516500
127,154600
1284,1498500
3258,4424300
2743,3826000
1242,3714700
3492,4226200
1766,840300
142,640500
342,2862800
1043,1500000
186,1711500
614,3302300
329,2292600
158,1068500
1493,3452400
499,3487300
155,965300
2320,2476500
6587,3965100
2442,2411800
148,846400
349,3324400
261,388300
240,3434800
12066,7910800
2521,1150600
659,1087500
526,893700
352,2810600
8757,5985500
270,749300
1145,865800
175,1477200
3481,3616000
3540,1844600
672,1549500
1367,3733900
210,2356600
151,787000
126,104800
2127,3990200
540,1238900
1469,2952300
9472,5246600
129,233700
2939,2413600
434,1771500
170,1456800
3006,4235200
214,2702100
132,308300
233,2839800
2081,2763200
142,577800
1518,849400
733,3069700
1182,1840400
1309,2029400
226,2799500
3168,1937800
393,666900
2968,3129100
202,2229200
196,2038000
617,53336700
189,1799800
239,3205800
168,1253400
312,1729200
15806,8348100
3849,3463300
342,2514700
264,498400
300,1427600
2292,1684900
232,2966000
6535,6202100
457,2513600
322,2294700
199,2227500
776,945800
140,485000
246,3691600
879,3584000
13111,6108800
5512,4978300
159,1190300
273,691000
1114,3384200
558,1849200
185,1824800
7026,5731000
16607,10867200
834,2433800
801,1514400
162,1105400
315,1863500
18811,9677200
4417,2205400
9465,4889300
506,343400
8878,5680700
342,2576500
914,1285300
151,876200
468,2641700
270,663800
2947,2654700
3125,4115300
1794,1773000
302,1578800
8115,4633900
356,2894000
211,2501500
1335,2657400
1287,1863500
1478,3231600
6867,4684200
3973,3901200
546,1462900
158,959800
377,3694800
3713,3195900
385,411600
1024,853500
3153,1410800
627,3986600
275,857900
8156,6372300
2463,2965700
586,2487900
232,3220400
371,4226400
1822,2325700
148,669600
155,991700
455,2298800
209,2409200
207,2309800
9852,5492500
843,2910300
882,433200
2183,2094100
675,1618900
1178,1899400
143,601100
3785,1988800
257,342900
601,3468600
6911,6839000
2861,4011500
4125,5417500
369,4213100
144,806800
8826,4760900
2235,4145200
593,3253100
554,1978800
393,635600
200,2483400
1681,2224900
216,2485300
353,3412900
673,1651100
1073,2286200
234,3109900
923,1620800
771,960900
134,323400
211,2495800
156,861100
156,987500
171,1471300
2800,2238100
2235,4484300
367,3610000
6175,2844700
161,1136600
263,456700
3760,4351300
7115,5401800
477,3039300
525,897500
185,1812400
815,1978000
1732,3484200
395,743500
675,1593900
1399,994300
1588,3047100
778,1032300
2838,3056900
927,1629700
472,2727400
2430,2219400
14141,7567100
1532,1385500
136,386100
428,1523900
535,1060200
128,143700
917,1566700
333,2322800
2169,1812200
934,1840000
269,600800
4225,4190900
657,1312800
142,518600
297,1514900
139,527500
606,3476800
128,221100
250,3487800
781,1068900
184,1691300
734,3169500
833,2617000
601,2814800
2420,1773500
197,1993700
141,514400
814,1924400
228,3009400
543,1372800
250,3640000
126,119600
165,1302800
539,1254800
4023,5678100
1408,1479800
403,1067000
1486,3882900
280,1157300
1013,689400
941,1997800
416,1232800
871,3373900
5182,2630100
139,521300
484,3540100
135,576900
8007,5823000
1698,2451000
206,2352400
670,1544600
2618,4207700
246,3600700
1624,3794600
2605,3490200
1252,3849200
708,2393500
8651,6741100
422,1438300
160,1310100
377,3925100
2653,1326600
973,2775000
2542,1750200
160,1065200
419,1321400
1530,1135800
319,2185000
218,2759500
206,2203300
11554,7811700
126,128600
342,3123400
266,606800
153,901700
202,2379200
4315,2822800
2706,2811600
2887,5350300
1549,1861000
217,2538000
184,1904800
910,1348800
144,611000
135,368600
503,3578700
5289,6430800
241,3312600
389,586000
1276,1217300
195,2058700
763,571500
180,1953500
200,2348100
6681,3379100
1122,3688000
1220,2981900
262,523900
1164,1398300
155,942300
144,685700
158,1096100
2496,4912900
151,868100
2732,3563800
2805,2193400
158,1037700
280,1082000
1438,2041900
139,456700
327,2157300
2245,3686600
1048,1634600
369,3494000
3373,4345500
338,2577100
2604,3530600
6253,4854300
465,2613900
3415,1963000
200,2139500
537,1193500
138,438700
432,1656900
175,1530800
141,643900
853,3034400
5624,4771700
3780,1669100
395,681500
675,1460000
3792,2133600
14644,8964100
636,536200
235,3128000
354,3260200
322,2181400
11464,8697700
651,1201700
547,1430500
2391,4564300
576,2389400
318,2371300
487,3410800
188,1930800
298,1598800
909,1490700
660,1419000
261,474000
342,3216200
792,1408600
1474,3199900
338,2490600
3046,1961600
16694,9057500
759,456800
8358,4822600
591,2541200
1761,4069700
1503,4012600
8047,6852100
408,1091400
1367,3533400
351,2793000
499,3480900
9292,6781600
228,3137700
556,1627800
264,523900
311,1839600
323,2016200
173,1603100
264,543100
221,2573300
1496,3959400
188,1760800
156,935100
136,429200
782,1075600
756,354500
307,1677300
7637,5573400
6366,4787300
158,1227800
10536,6764200
3511,5036100
684,2286200
402,946600
384,362100
179,1544000
320,1982200
588,2489200
771,815200
601,2986900
7633,5295500
1186,2017700
878,3556600
10363,5185800
830,2425700
376,3457200
584,2458500
235,3217800
11314,8117000
19327,10123300
3935,2592000
169,1256200
957,2357000
183,1761300
2792,1989500
129,259800
127,144900
165,1122900
788,1294900
1144,920000
6568,3201600
10355,5502000
217,2566000
187,1794400
393,648000
10217,4939800
1513,754000
10377,5638000
675,1468400
559,1790200
1094,2731700
405,952800
475,2774400
1396,1190100
663,1315900
637,505100
2691,2424100
309,1639300
338,2703400
144,724400
536,1276700
197,2204900
1727,3190000
152,785900
311,1993700
12940,8777000
324,2653500
178,1807900
250,3407000
146,666900
1600,3164800
159,972900
321,2278600
127,158600
965,2731200
418,1326700
948,2397400
8592,5422300
186,1769700
1990,3591800
168,1253900
3332,2983400
884,613800
1320,2417800
231,2982600
167,1435100
6542,6152400
307,1737700
160,1278200
762,650000
1996,4071900
678,1696400
342,2660200
1620,3869600
1369,4383500
353,3123300
432,1852100
1195,2221800
4935,2723100
217,2662400
381,355000
4977,4090600
1812,2018800
2255,4816200
8035,7043600
12278,6968800
540,1234100
3077,2712900
1393,864100
3725,3701400
208,2537100
346,2739900
7573,3590800
9517,6224500
567,1967400
552,1639900
194,1945200
183,1643500
2148,1168300
17320,9345600
251,3848300
5661,5579300
364,3273800
135,332600
205,2234500
497,3903600
791,1551800
1607,3212300
3113,3824300
712,2553900
986,3341500
3916,1926000
143,569700
207,2307800
3215,3325300
1550,1691800
135,330500
912,1309000
929,2057900
5813,3057500
2854,3488700
3067,2506800
258,356300
13511,6762400
154,1019300
405,977400
463,2462100
224,2703600
184,1715400
1274,1170200
502,4238400
227,2811800
1754,3771200
176,1449200
1549,1615100
151,796500
670,1348600
199,2175300
434,1914800
161,1026100
144,619100
2544,1829400
2251,4175400
190,2056000
430,1788100
329,2305100
1332,2735400
1433,1979300
4605,4049900
3213,3048300
1638,755100
235,3184000
151,829300
309,1713800
11402,6789200
685,1877900
2850,4544300
524,1040100
193,2081800
8892,6417200
283,1106100
221,2759900
199,2455500
209,2587000
338,2937500
489,3489300
3064,2834900
525,937000
329,2602600
270,808700
1475,3333600
644,735100
348,2972400
227,2864800
1371,46486800
667,1307300
592,2797400
2195,2645200
322,2145500
256,262600
451,2326200
2839,3482400
733,3185500
209,2909300
1536,1411300
433,1774500
219,5852500
2073,2677100
328,2475700
1950,2852900
2458,3292300
588,2719500
779,1019600
223,2863600
286,1400500
3563,3173400
4319,3328300
11911,8274300
178,1648400
9619,6069600
7981,5080600
156,981900
215,2664300
763,660100
619,3347600
600,2935300
177,1619000
188,1918900
684,1748400
1496,4158100
392,1000800
5498,5144200
216,2606200
483,3008900
381,408900
267,738100
252,306400
482,3082100
203,2279500
189,2250700
1546,1727400
871,4221700
247,3534300
255,284200
2924,2028400
146,863900
429,1627600
1995,3917400
507,358600
4128,5994600
694,2611200
1133,4095000
143,600400
4946,3141200
139,500800
3748,4264700
1390,965800
1936,2103900
2311,2425300
127,304000
162,1166700
700,2254500
184,1732100
318,2193300
160,1168600
468,2631600
6825,3905700
155,949200
831,2506100
188,1868000
3693,3111700
224,2745800
291,1321400
1614,3889400
530,1089200
463,2467800
251,4234800
187,1838800
269,802200
274,841300
2437,2450700
305,1682200
411,1587200
136,578200
342,3639300
15763,9082300
6445,3672300
4156,5334200
1448,3302400
569,2413500
161,1194300
10181,8485900
7283,6340900
1547,1719600
1975,3568500
209,2548000
4263,4840100
5040,2510700
198,2549600
351,3051200
206,2618300
8667,7188500
6198,3410700
1617,3699200
344,2910900
218,2651400
270,672300
3950,5050900
168,1444900
5665,7330600
1737,4187700
1884,4202100
292,1296400
706,2413600
209,2461300
875,3777100
474,2978200
2457,2928200
255,293700
1049,1643700
576,2267600
1314,2587800
399,762100
3766,5127900
162,1314300
8802,7355600
277,889400
155,919900
147,700300
137,483300
489,3245200
914,1379700
817,2319900
1632,4186500
4924,2864200
177,1580300
146,660500
8478,5291600
1115,3908400
7733,4795600
1711,3084800
1539,1902900
244,3692700
177,1521600
8437,8143100
131,333800
132,309900
1044,1617500
919,2215800
1621,3825800
4056,2519300
441,2324600
307,2070300
492,3568700
10397,6658300
646,874900
197,2403000
341,3412300
299,2217300
147,663100
355,3174500
1444,2825700
1704,2547100
393,910400
2365,4501300
169,1635300
443,2956500
168,1493100
294,1530800
769,919300
149,882900
493,3457100
287,1146300
958,2582400
871,3640400
567,1997000
655,1046100
275,795200
1890,981300
1656,1427000
336,3456800
533,1216600
142,577600
444,2506500
172,1699800
14291,9402000
966,2898300
161,1220600
1206,2641200
185,1798000
164,1511200
652,942400
18030,9202400
12229,5890300
1779,1448900
211,2668100
194,2655400
2131,5092100
3273,4938400
1365,3728500
134,332800
6450,3823300
240,3940900
432,2145100
290,1472900
8406,7835200
11984,6600600
860,3952000
147,901900
1695,2485800
150,910600
622,3664100
669,1492100
767,705400
159,1000000
317,2198800
1685,2089800
215,3028200
486,4090800
1708,2704100
1724,3957100
402,1148900
1653,1203800
165,1157300
1938,2253800
425,1440500
173,1387000
977,3278900
717,3130900
260,418200
752,3679200
301,1506900
1366,3665200
236,3208300
491,3830000
162,1292900
969,3083000
668,1465800
2269,1173900
547,1468700
929,1788900
189,1937000
588,3443900
278,1174100
247,3489700
306,2366500
436,1952900
5378,5145400
1478,3669500
184,1762400
3363,4905800
657,1666400
229,3167900
382,439700
3442,2820100
901,947400
129,365100
383,581200
365,3847500
1046,1834300
159,1045400
291,1303700
402,908300
329,2380300
479,2890000
529,1022100
399,910500
665,1321700
14878,7039400
780,1157900
152,846500
1671,1773600
754,3735500
234,3266700
142,570100
478,3613100
1098,3819200
184,1953800
8201,5262500
2662,1907800
945,2155200
168,2150600
236,3150500
695,2296100
5143,5735800
2570,2917200
3689,2871200
13227,9479600
159,1085300
168,1287900
255,407300
343,3010200
667,1373100
254,280200
732,3221200
145,623200
1174,2131300
262,447400
134,331800
193,1936000
137,484200
171,1533400
1072,2779600
9462,5673100
10274,7695200
226,3045300
136,407500
3151,1555300
8751,5840500
253,227500
238,3240000
2761,4350200
2480,3751200
314,1907900
8627,6514400
152,860100
1263,789000
181,1681400
818,2138500
210,2664800
156,981000
6837,3957600
2309,2542600
171,1428900
143,598000
3309,2282800
157,992800
775,886000
4519,6394100
173,1752900
656,1046900
602,3118200
4431,3164200
183,1737200
570,2249600
629,4334400
173,1576000
946,2586500
228,2979800
4528,5779600
1688,2945600
128,239300
727,3683300
642,818000
249,3764400
137,589500
246,4665000
598,3243200
1813,2627300
2495,4171000
994,3629300
163,1400200
16709,11967900
584,2534500
1984,3915000
1582,2730000
145,777700
451,2276300
137,542400
196,2193700
1080,2807500
1046,1660700
189,1851300
2433,2271800
1881,4295400
3879,4567200
722,3159300
556,1953600
11995,6541200
165,1248100
221,2873200
132,272300
209,2472600
3490,4372600
4750,5608200
147,833600
4921,2367500
4914,2304400
194,2217900
470,2733500
1122,3658200
251,4196100
336,2611600
664,1267100
635,593800
142,884000
10106,5331100
835,2594700
263,557300
145,648100
2151,1264700
4811,2925900
128,175600
145,616400
1394,865500
352,3003300
6365,4649900
174,1715200
1758,4971100
1567,2367900
429,1988700
177,1577600
349,2986400
769,769600
1082,2727900
1752,4221200
204,2324100
571,2165700
5535,6067000
638,556800
305,1651000
144,649800
667,1370600
1139,954000
2336,2889200
3431,2301000
442,2173100
275,1017300
183,1790700
191,1960700
1413,1756500
148,869600
129,192400
257,372500
282,1228400
409,1100000
492,4053700
388,653700
843,3172000
888,776000
3633,5996200
260,612400
17328,11637000
184,2142000
564,2422100
150,760200
248,3951200
167,1306200
1551,1925100
9546,7316500
163,1247100
590,3334100
273,894600
424,2247800
469,3032800
450,2656100
329,2350200
2985,4236400
1292,1520000
2421,2140100
365,3831000
503,3985800
5545,2692700
134,316200
851,3157300
427,1928500
633,562500
1528,1262400
1405,1310100
148,701300
127,143100
701,2307700
168,1657100
2349,3538600
1792,2147000
267,669700
137,439100
4309,3111900
385,479600
303,1756300
530,1185400
10303,7913600
1556,2243600
599,3172000
373,3941700
610,3148200
1628,4208600
329,2341400
18458,11225000
527,1167900
3296,2278800
157,1127500
164,1595200
373,3852800
435,1833300
175,1660900
654,997100
137,434800
339,2782900
139,708900
169,1849900
451,2526300
1093,3461500
434,2705600
721,2894000
1721,3183600
950,2491600
226,29873000
254,238700
6920,6665800
1029,1230500
2360,4461500
3648,5049100
1360,3567200
1894,1307100
193,2402400
1673,2335300
224,2976200
4724,6285700
598,3034500
258,423300
1905,1424700
293,1628200
972,3838800
407,1004000
649,887900
1085,2933700
2111,4341200
176,1552200
303,1594100
1318,2343900
202,2495300
218,3196000
223,3134100
435,2278300
492,4787100
305,2116300
184,2354900
403,884500
273,741100
647,1086300
4281,5457800
245,3331600
1327,2689200
154,900300
140,506300
633,405200
200,2041200
835,2422400
699,2075100
2363,3694900
180,1566100
138,471200
142,832400
161,1170100
129,258600
398,842900
373,3461700
1345,2953100
11308,8742900
176,1689800
127,147700
301,1541700
918,1345300
344,2536600
340,2480600
301,1441100
533,1073700
362,3410600
230,2836700
696,2164000
148,705500
1588,2858500
272,778800
126,104200
126,104500
5088,4139700
1688,2311300
6386,5015200
798,1507100
435,1910600
226,2802600
218,2655500
1788,1483600
240,3421900
236,3042400
577,2369800
602,3152900
1889,4295100
326,2112400
1411,1397500
128,175100
221,2656700
484,3146500
601,3276800
152,1083000
1233,3339800
618,3211200
621,3306900
9934,8404800
174,1408300
229,2783800
391,572300
563,1814400
235,3128300
2341,3173400
171,1326200
281,979400
243,3260800
189,1757600
1098,3046100
273,765400
1687,2359700
140,480500
229,2837700
1765,1079400
2091,3613900
7341,4474600
453,2431000
7126,6103100
6992,5831800
518,757000
1294,1894900
149,837900
295,1381400
480,2984800
672,1510400
612,3522400
208,2452900
472,3047400
252,370700
3220,3708800
369,3715600
178,1501400
201,2258900
186,1815300
860,3473200
326,2133400
381,310600
918,1412500
156,1090000
4657,5687500
429,1975600
2593,3816800
210,2453200
129,213200
745,3634200
2986,4555000
1160,1690800
306,1719300
804,1704200
517,664600
2256,4594200
336,3919500
282,1190000
138,571400
229,3463800
712,2808400
516,681000
170,1284800
158,973900
353,3195500
6984,4875500
136,483000
1887,4699100
546,1622600
496,3826500
1807,2040600
6641,5799800
182,1645000
165,1226200
755,3754400
613,3544600
842,3135300
3646,4950400
1410,1467000
199,2158600
13617,6801500
390,556900
318,1971100
218,2573400
133,385100
374,3652600
3057,2403600
865,3356800
1694,2271700
1026,944600
142,528700
144,602800
163,1067800
306,1631500
279,853700
126,105700
378,228600
2193,2819900
370,3983200
481,3080700
2726,3380100
2789,1735600
856,3051000
1461,2881000
4749,4381600
2985,3791800
6341,3857700
962,2960800
487,3133300
263,482600
172,1298500
187,1921800
1147,967700
805,1633600
284,1062300
12432,8248200
247,3440400
568,2116100
383,352300
2588,2886300
3314,2548700
150,736700
289,1198600
9477,5139700
195,1992900
879,3940900
774,1143400
238,3439100
302,1854900
5247,5885200
455,2721500
3968,3699300
217,2785400
1515,920700
2347,3421800
1001,3708200
193,2357200
367,3359400
12362,6409600
165,1377900
128,303900
1506,4159900
3348,3477300
7985,4800900
251,3841500
2854,3776800
2005,3774800
4931,2888100
1512,739700
4675,2484900
156,903500
796,1573100
140,693700
278,1053300
890,720600
522,940400
493,3286900
271,769100
220,2611200
769,701800
838,2602700
477,2986700
128,163800
2757,4490600
1327,2383800
292,1260200
180,1528100
163,1168600
1175,1706400
754,3899500
1529,1298800
480,2969800
536,1170600
1863,3482200
3026,1506100
1429,1821400
185,1801900
223,2857800
1664,1765700
4079,3151200
10648,6412000
193,2011800
2790,2009700
617,3270800
2587,3060200
312,1814500
791,1317000
145,615700
432,1892100
833,3020500
177,1509200
356,2974000
583,2488600
589,2475800
16051,9009900
2044,1655900
8809,8229000
566,2536000
974,3793500
999,3912800
1012,578100
2237,3647700
16511,7612700
446,2395500
634,553600
279,1056900
2010,5029100
733,3256100
1123,3521700
647,796500
284,987200
10311,7718600
5178,2572400
3037,1684200
273,737100
226,2762400
484,3128800
232,3288300
180,2009800
19561,10491200
483,3102800
389,493700
239,3331900
1373,3703000
963,2688800
4128,4428000
581,2364900
518,758100
744,3641400
1689,2177000
134,348000
318,2088200
239,3307600
695,2086100
683,1737300
386,515200
136,356200
179,1532500
1963,2945600
307,1954300
1088,2639300
2436,2299000
1003,3532000
7201,3501500
285,1079400
3012,5021400
215,2559400
264,524700
5107,4040900
777,938700
332,2296900
541,1380500
277,1037900
6813,3548000
256,261900
740,3332400
991,3278400
160,1017500
500,3476700
206,2421400
285,1105800
6472,4496900
130,307700
976,3240500
213,2805800
8829,5456900
136,420500
150,1121300
905,1343000
146,797400
262,542800
182,1964600
194,2341300
1727,3190200
5227,4488200
231,2956200
200,2541700
260,372400
134,372500
2336,3230500
342,2765500
8203,4539600
480,3117800
139,507800
139,487600
153,822500
804,1923700
144,684100
264,567200
2801,2198200
3327,4166400
174,1782200
245,3548800
1222,3247800
814,2134500
455,2871300
336,3063300
296,1466500
1131,4755400
1513,994300
1120,4059900
5249,5092500
9254,6246500
136,459000
327,2286800
7488,4662100
142,523700
248,3492600
411,2401400
1856,5142100
15092,11981900
522,957700
130,323500
905,1334000
150,721200
142,701800
1042,1411000
647,770600
879,3657500
303,2310200
587,2725800
759,528200
458,2930500
2178,1947200
151,800400
166,1127500
152,866600
621,3543100
2727,3584500
2480,3671500
9085,5289000
341,2943900
254,214500
10979,5281400
365,4242300
4255,5174500
424,1814700
12561,10231100
235,3434400
191,2075700
767,790100
524,834500
427,1577800
246,3843200
306,1797300
161,1125200
2065,2424300
198,2242200
3340,3298500
142,600300
4401,5745800
129,284000
173,1455200
374,3611900
1009,638600
2737,3777900
181,1570300
250,4169200
264,504600
335,2756400
264,514600
933,2228500
1000,5239500
319,2530200
2167,1844400
8602,5436900
655,1189800
197,2184900
140,487400
748,4170700
203,2241200
5420,2752200
257,366700
614,3347400
1263,684300
1711,2976900
846,2885700
178,1582000
856,3268500
174,1402100
295,1395200
1754,3931200
7852,5165500
221,3251000
540,1702500
132,281400
1415,1481900
428,1663900
1581,2732800
253,195200
462,2829900
135,353900
172,1610900
416,1334900
148,687600
380,263700
206,2789600
854,3225300
555,1737600
2927,2235100
602,3128600
424,1606900
202,2390600
264,527600
319,2174600
151,779300
1101,5261600
774,1540100
132,377900
6272,8528000
192,2343200
1734,3848100
578,2690800
427,1774100
6935,3277300
11417,7780200
3685,2916600
15059,8645800
5503,5264400
2303,2250500
1746,3776100
681,1844000
358,3063800
14450,32873700
1969,3995400
126,106800
2379,4172000
8263,5676800
144,616700
14110,10242100
1250,3964600
648,951500
440,2191800
6348,4384000
646,877800
376,4945000
239,5236900
821,2155000
139,462200
8548,6807200
433,1714000
3539,1932700
138,535300
4864,4429200
19716,10856800
163,1165200
1167,1540800
1185,2336200
1623,4471800
207,2747500
223,3296800
7791,6674100
5106,4030100
230,2893600
483,3513900
247,4031700
1213,3340400
350,3289300
254,213100
566,2281300
308,1912100
299,1460100
6479,4418300
163,1110500
17975,11788500
305,1946600
419,1403000
168,1308600
264,460200
202,2137900
227,3017200
233,3139700
2861,3606300
159,976600
1379,3754500
473,2894300
192,1948500
2422,1935700
562,1860500
661,1197700
453,2193700
4513,4535300
152,795000
3152,1783900
2358,3444500
829,2566900
371,4063600
5771,5679300
3306,2367800
1255,3873900
2484,3790200
1463,3359800
310,1959100
148,685900
139,452100
588,2512800
668,1407800
1494,3598600
147,777300
1020,838400
406,1095500
858,3850100
136,527600
139,545500
130,250200
342,2559700
449,2111900
253,179700
9508,6538700
214,2977700
545,1682800
286,1556000
637,638400
475,3445600
321,2008200
177,1465700
4875,4805500
12272,7984700
254,292000
172,1409200
128,154400
435,1714000
1642,846100
1674,1894100
388,505500
168,1283600
217,2548400
475,3008800
161,1029600
314,1816600
250,3310100
11603,5924800
241,3254000
224,2779100
333,2326700
968,3036800
237,4479200
1402,1115000
198,2124800
1541,1751800
559,1810900
293,1448900
308,1780100
201,2202400
710,2559000
1104,3022200
6869,4835300
936,1873400
142,798700
214,2457500
3205,2849100
5510,5261200
265,652200
244,3244700
436,1789700
893,741600
180,1579300
3847,3557900
398,800300
404,1009700
2580,2739300
316,1896600
1843,3090100
142,721700
131,288700
169,1405900
183,1623400
134,305000
179,1639500
1814,2124600
171,1314100
1296,1580200
3446,2811700
674,1786800
1024,1052100
769,799100
728,3069100
334,2626300
5621,5160300
8757,5992800
441,1901400
690,1947000
5938,3295400
815,1919000
637,689200
241,3320500
367,3337400
4442,2966900
210,2354100
166,1159000
631,346600
384,350100
625,3651400
155,913100
585,2479800
2418,1800100
205,2473400
2221,3481200
136,375100
312,1919300
128,222100
334,2365400
2935,2283100
271,691200
133,317600
845,2671000
448,2119100
679,1775200
3589,3854300
1059,1853900
575,2185900
300,1401900
746,3365200
345,2637800
150,715400
612,3276800
4323,3149200
1844,3222400
1232,3240800
4714,4106900
762,676400
166,1367700
1259,3813800
4554,2586100
207,2241700
138,435100
140,501900
761,484500
6015,5419500
831,2462500
1775,1101200
149,707200
179,1606800
1796,1688800
206,2219400
522,730700
126,115400
8650,6356800
843,2682300
2616,3769000
145,772600
3918,2032000
132,260700
147,916400
423,1778500
437,1926600
787,1456200
755,5099000
375,3507500
201,2233000
146,653800
7820,4305500
2676,2069800
943,1991900
239,3125500
1112,3783300
12397,7036300
3282,1640900
234,3057100
215,2756600
204,2177300
144,559800
1132,4325900
4291,2642900
271,775300
810,1860900
233,3237900
644,904500
227,3041200
475,2974000
553,1586400
372,3417500
504,318000
4382,5451200
156,901900
229,2862600
3819,2742100
462,2409200
288,1146500
443,2057800
431,1843300
5431,2919700
527,996800
1447,2500100
2231,3579500
399,818900
1964,2855800
1224,3292500
183,2072300
633,402700
1360,3238300
178,1574700
2195,2357700
145,633000
128,147000
839,2925800
1971,3020900
3178,2531400
390,574100
359,3007900
191,1826200
209,2280900
2081,3217000
200,2732100
1569,2267400
185,1733700
202,2144600
2626,4062300
352,3902900
838,2728400
518,667200
3419,1996100
624,3389000
5256,4764200
295,1302600
2677,2243100
5173,2630500
958,2616800
1783,1430800
3960,3337400
270,779000
1459,2799600
143,588400
667,1367200
3753,4227600
2353,3281900
131,226500
4488,4358200
4805,2500100
160,1076600
355,3094900
1864,3532000
197,2024200
360,3384000
219,2743900
1178,1760100
287,1099300
259,330100
294,1351200
807,1812500
3862,4043800
782,1080600
2435,2555100
231,2997900
1932,1916700
2628,3951000
376,3677200
416,1229900
188,1754700
2317,2523700
426,1516100
147,785500
436,1715900
386,422400
1141,739300
605,2968000
812,1873400
147,684700
7711,4834300
1885,4035100
1245,3608300
233,3613000
2282,1612800
225,3070000
9931,7345500
542,1351900
681,1987300
577,2288400
155,882800
161,1160000
282,970900
356,2953300
733,3365900
3040,2177100
299,1635700
8177,7245600
257,374800
3636,4776300
158,985900
128,156200
4450,3973600
14631,7372100
794,1659900
1688,2165100
2226,3388900
2841,3159600
130,235300
2124,3880900
738,3461000
261,460900
2103,3287400
4826,3208600
1307,1870100
192,2338300
1772,1417300
538,1286400
186,1996100
830,3247600
4222,3841600
3147,4842000
174,1543700
433,1897400
18235,11620800
468,2715800
733,3954400
183,1619100
444,1966600
256,263500
243,3763700
139,485400
413,1349600
1507,3988900
205,2167600
206,2183600
4989,4188200
563,1938700
126,132800
547,1543400
1070,2445900
669,1502000
212,2362200
163,1133600
131,281000
1579,2568800
8107,5055400
709,2449700
131,250800
8341,4711900
18010,12254700
292,1263000
2016,832700
4027,5121800
447,2510800
445,2093800
238,3026000
12441,7716100
1307,2183000
1627,4305000
422,1779400
1194,2641600
141,586900
461,2340700
809,2117500
3767,5091100
244,3943000
3292,2101200
239,3106000
2591,3408600
1932,1999700
327,2198000
8544,6976500
272,724800
130,274400
1116,3659500
337,2522600
246,4204700
199,2839600
2331,3012300
1276,1445800
271,679500
255,233900
14976,9545000
1627,4002200
1110,3908500
269,774100
620,4136100
284,1268300
867,3844500
142,562800
372,3894100
202,2237000
18576,10109100
183,2149300
519,681600
537,1455800
665,1625400
190,2299700
161,1141700
1550,1867900
323,2132100
133,366700
2113,4153500
162,1162500
587,2745100
460,2477300
234,3506300
14571,10022700
156,1287400
177,2135100
755,5050600
267,875400
143,802300
612,4047500
1692,3094600
2018,1087100
182,1793100
3707,3537700
526,1007500
3840,3391800
127,177900
2097,3725500
2284,1465200
1550,1738400
1370,3903400
352,3543100
453,2320600
1610,3842600
713,2764600
525,1285200
2868,3989700
2344,3602900
17410,9444600
279,940700
186,1985900
138,455100
140,505500
1036,1361800
6745,4654700
171,1517400
781,1331700
179,1860700
2793,1876100
2007,4529200
160,1026200
296,1416600
403,1048200
709,2811800
17948,9551100
566,1994500
6067,3229100
951,2429100
729,3197300
279,904100
209,2414700
257,346600
1428,1785200
155,834000
135,365400
204,2370700
1795,1647900
252,154000
828,2285100
251,3622300
228,2991400
8877,5567500
336,22551000
1195,2260100
305,1612200
4218,3699100
1747,3782700
1958,2694900
212,2368100
148,704700
1869,3636100
601,3172400
399,763300
277,914500
232,3181500
331,2286600
2445,2423500
164,1117300
183,1687800
2101,3510200
676,1688900
313,1878200
4043,2052000
318,2045700
974,2966800
1099,3440500
158,1030600
1737,3566400
17306,9609300
2729,3635200
841,2810400
133,324700
1758,4038200
438,1945600
136,393800
1490,3586700
800,1646400
1305,1763100
413,1302600
1028,1270800
2139,4502500
16187,9262200
287,1139800
196,1925700
934,1846700
321,1996300
237,3233100
806,1703900
181,1517000
2337,2772900
127,140600
428,1522700
194,1922100
1739,3463700
240,3147700
161,1049000
1756,4086500
173,1296900
960,2596100
7104,4241100
137,471600
1077,2682700
3155,2031900
404,1156100
7225,5413300
619,3486000
313,1985500
302,1495000
353,2841300
190,1813200
137,381500
255,272900
8443,4239000
4772,5472700
198,2050500
431,1607700
232,2837900
291,1162800
6479,4070900
281,1012700
560,2226600
229,3028000
478,2900300
4074,3079500
439,1955900
438,2027100
270,757100
650,917400
1716,2919000
1786,1412400
296,1326900
339,2499600
807,1733900
133,299000
228,2927700
5542,5784600
144,609700
542,1323400
941,2057100
352,2883700
319,2527500
177,1575200
314,2015900
615,3517900
690,2213500
10704,8226800
10557,7360400
427,1700900
142,818300
488,3183300
423,1539800
210,2319200
3510,4308700
1029,1039800
2151,1404400
270,781700
312,1845700
153,984700
11464,8629800
178,1789800
147,657200
700,2195900
142,533800
207,2374600
474,2853300
385,474400
164,1194400
4261,4672400
713,2634600
228,2825300
5802,3114800
353,3318300
226,2749200
15939,9054500
1532,1621600
2197,2622800
538,1199200
189,1994000
1913,1507200
1553,1744400
1386,624500
11091,5600100
145,876200
2153,1560300
16694,10329300
190,1990400
375,3808000
310,1679900
814,1852700
1146,853900
1163,1257500
132,257600
1779,1305700
2913,2010700
161,1333000
585,2440000
2485,3461900
853,2901200
10490,5612400
152,819400
1602,3059300
136,449200
257,286000
2403,1320800
354,3062500
147,795000
881,3847100
174,1382100
200,2036400
237,3045100
307,1604400
288,1108900
367,3633800
300,1945000
12583,10199900
832,2981800
323,3153800
367,3304700
648,924100
223,2762300
305,1670000
12327,9341400
1003,4190500
237,3294600
219,3009900
1351,3756100
172,1331900
161,1072900
226,2923900
379,248900
214,2404900
1896,1030600
1365,3920100
173,1392500
505,297700
126,106200
294,1289800
535,1064100
149,704400
225,3262400
682,1828300
1475,3032700
158,969900
236,3633900
470,3186200
312,1914100
194,2036000
347,2794200
7000,5453600
5911,5952600
8020,5466400
4997,4521500
1104,3216200
594,2697000
137,610200
683,2287600
626,3531900
3659,1723000
225,2687700
365,3229100
441,1893500
157,964900
636,509300
755,3666400
657,1154700
433,1870600
2376,4263400
147,690200
230,2873000
490,3112000
192,1876800
4921,2438200
959,2582900
312,1758900
172,1337200
239,3314100
2852,3439900
220,2745500
382,352200
12796,7673200
5881,4536000
1452,3123000
362,3150900
14927,7864600
1181,2235500
490,3339200
293,1418900
129,211300
276,768700
274,764600
6184,2863800
715,2554100
2788,1754400
8191,3950800
3727,4128600
253,240600
2574,2542500
3196,2640400
3871,4360100
1084,2674000
4711,3465400
145,605900
228,2866200
263,471700
126,123100
4746,4459700
1277,1028300
3494,3836000
15744,10708900
1865,3515200
1013,587800
8001,5050600
514,589700
2329,2829400
279,940200
577,2571000
831,2723500
214,2665100
364,3305300
538,1144400
252,179500
2702,2766000
137,420000
8718,4645900
350,2848300
1446,2214400
4984,4166100
213,2492000
967,2720600
1621,4355000
214,2584700
688,2074000
1775,1441600
1974,3239700
388,563600
165,1211700
189,2373200
1480,3289400
232,2871000
183,1812300
860,3187300
2927,2151200
663,1232500
3760,4340800
3195,2548300
8997,5821500
235,3076300
153,896200
443,2013100
151,835100
162,1097800
1560,2069900
7226,4911400
144,626200
313,1731800
646,729300
567,1887900
618,3433200
1046,1529100
354,3253500
2939,2407300
235,3034300
306,1938700
160,1037000
2444,2537500
6191,3275100
297,1402700
161,1409000
4030,5785400
266,606100
273,809600
180,1874900
306,1843500
1877,4148600
530,963200
4057,2475700
329,2188000
5100,4321400
563,2300300
397,842800
1012,633700
257,379100
700,2325800
398,774500
1130,4111700
1000,3715500
1451,2710400
211,2438400
556,1722000
1951,2590300
4039,1919800
268,564100
202,2094500
18244,11981600
9892,6264500
5003,4667400
593,2859500
532,1016800
137,429200
218,2498100
1026,988000
449,2137000
155,974200
1584,2803000
428,1618600
3514,4423700
4928,2508000
144,569600
183,1608000
191,1978900
176,1729200
6342,4033400
137,406900
207,2313800
177,1440600
810,1944100
441,1961100
9023,6146700
294,1283300
274,822600
423,1577200
460,2359400
453,2397000
3159,1728200
162,1076200
11134,6353100
266,731700
177,1810100
3981,4516700
161,1129200
1030,1226700
4225,4745100
10885,6229200
1897,1121700
431,1659300
985,3500600
197,2458600
597,2789000
1415,1428000
12222,5702400
696,2244500
368,3391500
1005,3616700
836,2455800
5738,4459500
539,1368500
4223,3598300
528,1048200
468,2984200
609,3362600
505,322700
216,2448300
741,3548700
241,3155900
2065,2206500
2342,3473300
528,964400
858,3301000
3734,3774500
546,1453200
1121,3512200
169,1710600
2930,2434200
347,2809100
171,1264800
1110,3107300
467,2599000
963,3053400
622,3766000
14930,8705900
2820,2680300
488,3237200
167,1224600
595,2992400
668,1377800
1078,2381100
240,3659800
439,1956100
317,1946400
1513,733100
226,2743700
127,131800
1839,2879700
688,1947000
170,1292200
186,1797700
1518,881500
8209,4197800
134,354000
258,424100
6476,4259800
431,1668600
287,1366900
1782,1240900
11492,6173500
1267,782800
188,1818400
1195,2272900
310,1748100
4764,4977300
593,2721400
164,1096300
3771,4641400
128,215800
843,2712600
5512,4936100
5098,3817900
196,2352300
9227,5110100
405,1128700
218,3125300
526,1065100
240,3199100
162,1085100
396,739500
360,3180800
297,1581500
310,1938700
1744,3525900
183,2078100
539,1457900
245,4014000
162,1528400
139,509800
19714,10812600
198,2061200
175,1444500
268,649300
399,821700
155,954100
208,2304600
2818,2725200
155,913400
1365,3546200
352,2779500
3185,2726700
247,3304700
704,2439300
130,295500
139,568300
1941,2738500
486,3313300
521,752100
653,1031700
213,2457200
439,1789200
409,1114600
424,1494800
1028,1105100
3065,2390100
260,360200
203,2641400
145,572300
448,2797300
311,1746300
1044,1516100
3149,5753300
1312,2130400
868,3691800
206,2332800
5199,3102900
661,1203000
216,3022700
10977,31710600
705,2294500
5960,3698400
2209,2854600
510,420300
518,660000
1513,759800
620,3427800
398,729100
270,801400
165,1173900
1581,2640400
2394,1115300
405,919900
942,2286900
419,1364100
222,2629300
1326,2476500
147,682400
1832,2723800
4638,4713800
278,841900
2611,4338600
488,3288300
350,3156700
1672,1744700
1413,1308400
179,1542400
129,197300
184,1626700
251,3554700
466,3273400
561,1964400
896,919500
179,1607900
1019,803200
18555,9407700
450,2266400
1261,614000
249,3984100
610,3062600
276,756000
859,3005000
252,140500
6675,6107500
5229,4252000
273,738900
4065,3039700
745,3964500
1180,1841100
1808,2007000
3716,3240900
496,3441300
1212,2869100
1059,2251100
189,1883700
1787,1591000
1890,859600
325,2260900
179,1815300
4488,4478900
1301,1976300
839,2559900
362,3029600
176,1455300
509,400100
5384,4756000
230,3092800
3130,4408800
275,960100
2175,1868400
461,2870700
272,673300
1357,3204600
327,2600700
403,858600
3871,4119300
738,3127600
5465,3718900
138,411900
483,3279800
394,684000
262,430800
1249,3645800
155,943700
9132,5805400
2880,4428400
10524,6452600
11838,8814400
15459,10237900
179,1650200
293,1324900
896,831000
378,208500
2144,1193100
869,3491100
1138,701000
603,2908800
165,1111000
3122,3975300
4377,4753700
305,1598900
567,1949800
3731,3517900
1183,1986300
3273,4950500
167,1265700
428,1554600
3065,2442800
731,2919600
1052,2052100
169,1295400
131,235800
9019,6136100
508,407800
1443,2214000
130,336200
239,3316900
473,3030600
2573,2600500
297,1536400
1845,3057800
139,537600
413,1413900
275,745800
178,1492600
10455,8097000
3494,4202300
882,403800
3024,1284600
279,832600
208,2750600
882,428200
382,319000
138,492500
738,3240900
17735,11498500
7254,5873000
234,3549100
177,1572600
235,3517100
4172,2430900
523,881400
2865,3920000
379,297600
1123,3822300
283,1223900
1259,5495500
881,5096300
890,1019500
3962,3828800
150,997400
1673,2228300
376,4590000
327,2249000
200,2167300
443,2094100
433,1779100
494,3459600
149,902100
6304,2961600
609,3149900
470,2640800
1972,3258800
1092,3038300
150,823900
1871,3975900
3138,4917000
377,3797700
262,457900
1602,3080600
1099,2936300
2823,2899300
357,3731200
478,2900600
268,664500
128,217900
1097,3358900
444,2271400
2316,2255400
1155,1157200
2840,3742300
15220,10238900
223,3482900
561,2263000
339,2957700
278,894100
269,643700
842,2790400
922,1606900
1517,903800
1825,2750800
367,3652200
333,2574000
135,472100
1238,4274800
189,2250300
3611,4274200
176,1481600
177,1671300
165,1147100
518,715600
134,341900
10632,6392400
1752,3984000
598,3425800
346,3045500
894,798800
611,3299900
457,2833100
651,1024200
887,508900
1022,844900
7818,3450700
1894,1043500
265,509500
619,3723200
1594,3288600
394,622000
1171,1675600
1103,3000600
166,1162500
1143,844900
5193,3066700
153,833300
167,1366400
2216,3195700
286,1054500
507,385300
143,546500
268,632800
414,1247700
496,3280100
821,2188700
493,3821300
355,3005000
671,1451400
343,2623000
264,480600
4416,2869800
1800,2340800
154,1304000
632,526600
1216,3402300
1684,2218200
213,2471100
600,2831400
221,2566100
2004,4213900
711,2591400
305,1577300
849,3087900
270,628800
135,421800
5873,4761500
990,3456000
8777,6491300
5908,6480000
206,2412100
2533,1511500
403,896800
4598,4082400
10047,7906100
4731,4252200
4959,3886200
204,2302500
616,3423700
1558,2166600
128,194700
438,1877800
2495,3778500
735,3413800
141,727300
167,1306200
875,3533000
336,2483700
1345,2988900
294,1323500
554,1777300
185,1638900
238,3201000
7401,6690700
370,3840400
2702,3053200
741,3862600
203,2243400
169,1315400
194,1914600
1570,2567800
197,2068000
622,3871800
691,2123700
15755,7210900
1106,3453000
230,2932200
323,2024700
1497,3930400
1862,3521400
257,309900
221,3673900
168,1265900
664,1262600
165,1306100
1082,2730400
388,626000
191,1853500
213,2742600
407,1270400
394,741400
2580,2847200
1098,3160200
1748,3926900
163,1093200
373,3370800
149,919500
206,2578400
8758,5908100
329,2192200
3734,3783100
969,3394400
367,3670900
1781,1301500
141,519900
2325,2576700
18817,9653700
296,1382200
1736,3324900
10413,7552000
1055,1931700
288,1179800
493,3365100
4492,4252900
813,2277200
214,2506200
226,3295000
130,215800
206,2652200
4814,2927900
856,3234300
172,1342500
4508,4783200
378,338600
5517,5193900
195,1970000
161,1016900
563,1966000
177,1850100
242,3396700
1442,2784700
1611,3768100
3077,2935000
539,1261100
762,551300
263,473000
799,1681200
2468,3336300
598,3205400
134,440700
654,1034100
190,2014900
1225,3274500
9356,5177100
789,1417700
1400,1047900
7047,6833700
193,2050000
5703,4191200
3839,3772600
160,1095800
380,320300
433,2051800
490,3918900
1130,4415700
1168,1588100
169,1346200
272,888100
198,2440900
774,1102800
186,1801700
752,3947800
4389,5024700
210,2534700
227,3995300
2615,4011600
682,1867100
148,690800
229,3333000
207,2801700
371,3662400
2721,3609700
7963,5131200
1198,2503100
251,3597600
324,2115300
350,3015500
11845,5837400
865,3501100
2848,3567200
415,1241600
244,3449000
261,398300
290,1238900
343,2740300
797,1540100
194,1983800
998,3552600
201,2335800
749,4315100
400,1012200
1479,3500800
478,2956700
246,3213900
2146,1087400
151,890900
291,1286000
4486,4174200
1661,1333500
742,3408200
1650,1058600
243,3200700
454,2421800
669,1499600
158,1121000
12190,8689900
1798,1986600
4283,5413300
297,1484000
1472,2930700
4679,2625400
141,503900
3271,4939300
933,1970800
703,2275800
4864,4304900
126,121500
155,1072100
648,861900
929,2048900
1527,1417100
1354,3708300
1197,2250400
137,376700
794,1391600
208,2305400
1112,3463300
281,1062800
2702,2889200
160,1010000
127,154200
133,298700
922,1494500
159,982800
417,1343800
647,876800
292,1189300
454,2587500
361,3220900
1091,3386800
356,3247300
165,1162300
134,315500
1487,3371000
775,1201800
972,2850600
443,2116300
871,3448400
277,899900
2179,2015400
904,1043400
575,2144900
152,892000
195,2475900
2307,2313600
168,1200500
207,2513500
695,2139700
160,993700
427,1546100
170,1250800
11917,7435800
151,809800
173,1337900
174,1391500
131,243500
161,1055200
425,1746100
130,200900
169,1250100
212,2325900
317,2075000
945,2403200
10914,7587200
4090,3341100
381,299600
1327,2575900
141,550500
742,4230800
887,557600
399,787600
531,956900
396,719800
150,771500
727,3065000
413,1225700
1607,3314100
838,2676900
237,3023300
666,1321300
280,930000
170,1225900
225,2624000
149,705700
2925,2100200
126,129600
2530,1343300
1435,1903400
732,3247000
10561,8126000
315,1948900
891,719200
13811,8356900
389,596000
607,24435000
306,1849300
7110,4390600
368,3606000
634,486700
962,2971600
551,1597500
10437,7987500
468,3068300
248,3486400
2415,2006200
11228,5854800
291,1474300
189,1973300
1135,610600
2596,3447200
431,1667900
336,2603100
3501,4892200
374,3691500
466,2847500
11392,7988700
262,725600
161,1294600
3081,3320700
1368,3676500
126,122200
225,2905600
3177,2140900
1743,4383100
283,1218100
424,1558100
174,1521000
195,1975400
3323,2774100
290,1223600
3902,5520300
4503,6755200
983,3453900
1318,2584400
495,3836300
205,2372500
876,4049800
859,3533700
253,250300
303,1900600
1628,4028000
385,509400
179,1583700
10464,5503500
148,833800
9607,5336200
384,409900
138,433200
4850,3874100
2557,2587600
412,1675000
189,2154200
5626,5555500
216,2859100
2315,3402000
856,3493700
2875,4040300
1376,3861400
291,1328200
875,3660500
270,770200
1002,3940800
251,3611900
8314,7478700
218,2924500
471,2928500
246,3608800
173,1475700
178,1575100
3191,2711600
9370,6092000
3497,4195200
2294,2042000
1489,3780200
482,3155800
207,2445700
159,994200
3854,3898700
424,1488200
8937,7620100
215,2603600
323,2109300
2880,4088300
152,877400
536,1157900
496,3350600
136,390900
197,1986900
1008,507300
158,1018100
126,127500
278,1071300
1341,2964800
385,492500
1991,3631600
462,2530900
966,2676900
279,977800
422,1399100
1133,3990600
1055,2086300
3596,3983400
876,3532000
6341,3788900
287,1114600
139,478100
208,2496700
859,3265200
3390,4494600
887,573100
701,2275300
539,1272900
856,3276500
8932,8187200
397,784600
278,1073500
181,1921100
781,1052400
756,427400
148,804800
6468,4354300
705,2390700
177,1527700
2297,2213100
6832,3982200
1684,2346800
180,1584900
2832,3047700
1085,2602100
349,3098500
347,3221000
2604,3964000
912,1654700
208,2657500
316,1921100
206,2643500
152,865500
229,3528300
1158,1388600
1274,1401400
234,3268100
851,2971600
473,2765700
1235,3498500
195,2236600
232,3013100
2776,1914400
131,399100
10166,7343200
278,1031500
1403,1234300
154,1025500
5766,5500000
1443,2296700
3661,1834500
215,2500800
3237,3686200
380,312100
367,3376700
660,1193700
733,3235200
4201,3307700
312,1828800
364,3491600
247,3659000
1925,2046200
1318,2182100
220,3249800
305,1538000
392,559400
981,3377400
304,1630200
215,2778200
13556,9048400
2890,4645400
134,361500
235,3270200
2689,2591700
170,1391300
202,2351900
161,1111300
1340,2870000
996,3664000
174,1898600
3501,4449000
545,1779300
147,652900
1566,2118600
191,1830300
369,3270000
150,870500
4128,4280300
1643,952900
2101,3247900
5247,4639000
190,2034600
2972,3209200
1280,1183700
2128,4177000
2599,3412000
2561,2155600
465,2546200
397,780400
180,1490000
151,776100
403,998200
224,2903600
399,790800
501,3483900
171,1405400
143,683400
977,2952600
376,3571700
2401,1469700
276,1026600
5178,3616100
12512,7151600
2220,3419200
2782,1578700
271,671900
174,1372800
1020,755900
6351,4169100
126,110800
12706,8327200
1999,3681600
191,2042600
136,403400
329,2269100
242,3614900
429,1656200
1605,3271800
1189,2148900
395,794400
5454,3312200
568,1946300
7055,6297300
283,1307000
611,3370800
699,2223000
1563,2694800
408,1056900
2176,2259700
321,2070100
323,1992500
434,1644100
157,1004800
617,3332800
2114,3486900
134,345700
645,694100
632,399100
167,1400700
1324,2303200
9827,7590700
2193,2369100
1023,957000
631,356800
206,2177900
4544,2389100
718,3112700
5697,3309600
5137,4814400
215,2473800
175,1398200
599,2937000
145,703000
554,1639300
531,1092000
182,1620700
658,1075800
682,1692700
235,3016200
382,355800
394,637500
209,2348500
281,988100
165,1120100
137,439800
143,573300
167,1487800
732,3098300
1789,1456000
672,1396100
442,1818700
164,1051000
1887,4294800
594,2634100
5054,2654800
173,1391100
6122,4541900
301,1486800
18303,9470100
157,982100
132,255700
429,1526600
3345,3603000
439,1978000
1764,818100
244,3158100
293,1238700
559,1935600
319,2353200
356,3357100
496,3322900
205,2158100
8271,5623000
607,3622900
3118,3910200
502,3546600
152,801700
452,2160800
208,2362900
395,642300
721,2895600
15685,9878300
415,1497500
547,1895800
241,3436000
437,1837900
287,1085000
165,1119800
160,1067400
3124,4179800
218,3172800
3354,4053900
935,1826500
896,851100
200,2077300
526,863000
406,919800
416,1224900
479,3994300
311,2074800
534,1257000
281,891900
489,3346600
7402,6299900
213,2593200
631,356300
126,95800
398,781100
1196,2377900
1222,3002100
13435,7941800
245,3441000
3955,3278600
150,735900
1098,3038900
15474,9597500
142,720100
268,632000
193,1965500
688,1903900
906,1229500
3258,4324100
2195,2441100
149,797600
138,475200
142,560100
2172,1774500
270,647100
1242,3370200
191,1773000
1835,2744100
187,1962000
326,2087100
5133,4758600
840,2655600
1417,1493500
227,2808500
235,3392900
337,2977000
303,1751800
145,681500
739,3754900
249,4253600
2193,2612100
925,1718200
196,2121900
304,1601000
309,1740900
1009,496600
1573,2534600
1197,2674400
204,2280300
395,684200
390,536200
4460,3273000
245,3261400
2602,3502300
932,2473900
203,2161400
152,824700
188,1788200
645,708700
921,1474400
201,2187800
2674,2059300
721,2774800
633,450800
950,2475900
328,2217500
349,2899500
1375,3806300
136,397800
193,1878500
141,596200
5663,5855800
2342,3001400
142,599500
322,1960800
696,2049400
2298,2316900
168,1435100
202,2160000
707,2367200
163,1113800
179,1484200
743,3251000
143,571200
468,2620300
165,1188800
4135,4815000
155,1057000
714,2881900
246,3414700
138,413500
1617,3683600
3249,4672000
308,1666300
174,1431600
9953,8615800
2766,5320100
558,1978600
1122,4024200
339,3144000
397,745900
9074,4457800
429,1646600
2472,3392600
213,2711200
9270,7895600
197,2234800
288,1398300
340,2547300
169,1558800
1500,4016600
9380,5865700
1391,852400
130,205000
1499,3761100
152,1268800
17964,10655300
179,1575100
248,3759800
208,2816700
3203,3075300
142,624500
2822,2673400
525,1087900
1030,1074600
831,2617800
178,1631600
216,3018000
139,485400
1906,1361900
330,2676000
4735,4400000
4058,3077400
388,737800
1057,1877200
1144,867100
164,1176600
3327,2857500
1747,3974400
807,1965700
199,2279500
6203,3790800
4530,5903700
260,395200
340,2645100
202,2146200
490,3587400
154,921900
656,1027300
221,2533100
444,2134900
2311,2477800
1071,2367400
1167,1388600
179,1493000
817,2223600
603,2926100
280,881700
427,1845900
5450,3601300
519,728300
13423,8122900
519,699200
156,944400
467,2635400
2093,3065900
367,3215300
480,2914200
446,2035100
186,1685300
11990,6533400
232,2968000
879,4041500
195,1922200
448,2326700
9888,6088800
1021,861200
878,3725400
418,1285000
239,22542600
5499,4612500
685,1813400
412,1233600
3575,2763300
1396,901200
219,2533500
419,1248800
3080,3241700
560,1798100
232,3103800
2108,4306400
127,165000
1598,3655300
145,689900
195,2139200
1098,2823300
133,285300
177,1497500
250,3800500
11173,7578000
149,733600
1280,1108900
868,3438300
4066,3243900
2444,2588100
18302,9175300
1964,3238300
1741,3879300
953,2335700
390,531400
11012,6980200
645,731700
764,612300
126,103100
500,3448700
364,3253500
629,3617400
1716,3089100
202,2199900
1550,1722800
1881,4256100
573,2234400
173,1463700
186,1995300
163,1083100
1183,1943400
375,3673300
314,1947400
575,2241000
648,871500
2496,4758400
1528,1218500
174,1681900
2550,2383800
374,3613300
1586,2902600
136,448700
387,451900
169,1415100
1376,4008200
13845,10207900
327,2211400
2418,1801600
705,2373400
673,1455700
981,3135800
9799,7346600
1044,1586900
321,2140700
1424,1904200
304,1760200
492,3265200
716,2947600
2521,1364200
296,1390900
861,3135400
337,2452100
222,2663300
167,1166600
367,3588600
136,409400
504,258000
597,2845200
437,1725200
863,3249900
562,1997900
10461,4841200
480,2940800
211,2393700
397,715700
216,2833200
431,1659600
8166,6440100
326,2117400
244,3310900
546,1475400
1278,1085900
764,568000
3748,4419600
7251,4862100
321,2003800
1941,2267600
457,2598500
585,2848000
224,2782000
129,193200
566,2132000
193,2097100
2252,3920400
529,932200
7533,6268500
194,1967100
3406,1532000
1979,3621000
174,1583000
239,3372300
143,597500
269,664800
2886,4380000
366,3264900
409,988700
232,3010700
221,3174600
158,1072800
585,2365700
142,530700
185,1686700
3806,2356700
2519,4576100
286,1240200
462,2500300
465,2768400
6932,4099700
180,1594600
549,1512900
7356,4838100
2204,2631100
432,1831500
462,2660700
309,1754100
2534,1509100
662,1150800
812,2112500
259,391700
129,216800
212,2422600
405,923000
1632,3817800
654,1049000
821,2274800
156,925900
152,794300
311,1790400
240,3138500
337,2529100
10190,7913000
311,2135100
595,3395500
146,918400
1725,3075500
942,1991800
134,419500
319,2112100
196,2043200
2843,3239800
1232,3147600
134,343000
3833,3074500
842,2601500
2499,4225500
3285,1917000
339,2581200
4074,2911600
1209,3209300
133,395000
214,2668000
1788,1644000
181,1913300
1567,2143400
972,2763800
1431,1895100
205,2338600
715,2577500
6855,4967000
133,504900
1947,2668400
1122,3900500
271,861200
180,1585800
229,3056800
376,3449600
285,1081800
201,2257700
459,2314500
4678,2759000
1407,1269900
1076,2521200
687,1835000
148,686200
3683,2409500
470,2709100
325,2056000
134,311300
177,1449300
3625,4165300
181,1586000
808,1905300
343,2629500
264,463600
260,344400
1722,3520000
212,2492400
403,1041200
674,1860500
231,3034700
750,3762000
225,2817600
232,2974200
731,3165100
737,3191200
224,2744100
271,686600
376,3391300
6730,4432900
197,2016800
205,2184300
1965,2932200
4177,2353900
616,4048300
4637,4945700
366,3531000
174,1372200
276,775100
1010,581000
2863,3849000
4628,4614700
1007,3882500
2983,3790400
3910,1799600
343,2708300
264,456700
4476,3831200
311,1792400
8531,6308900
146,721000
5335,4090400
1042,1476500
686,1816900
4900,5086600
165,1201200
1505,4003600
3985,3967300
134,327400
926,1584900
203,2343600
137,427600
15977,10858900
344,2715900
3525,4982800
1216,2768100
155,964000
15652,7751300
176,1861800
707,2819100
225,3016300
1993,3657700
195,1938900
180,1607600
12942,9783300
3368,4754800
725,3117100
1176,1784100
766,667900
1450,2991800
201,2263000
741,4354200
1960,3240400
155,935800
127,129500
203,2517400
781,1237900
413,1391500
924,1857700
4927,2815200
168,1435600
603,3203500
508,429800
163,1116000
843,3431100
368,3664900
2704,3063700
632,420800
555,2017100
148,1004100
164,1125400
406,1218700
1303,2058100
337,2426300
574,2659200
146,703500
316,2214200
262,443300
2832,3153700
187,2015600
1172,1650300
361,3217500
1260,552300
246,4224800
371,3822900
149,779500
3951,3396400
1419,1849300
1168,1969400
192,2161800
131,248000
1458,3268900
239,3615900
345,2774600
565,2143900
280,930900
435,1815900
6368,4803100
11965,10209400
143,731100
3358,4007500
559,1750700
152,893200
259,416200
1004,4041500
144,613400
430,1619900
327,2133600
6643,5087400
190,1971800
805,2035000
1614,3460000
385,416700
137,414800
218,2510400
5396,5115000
5164,6078700
260,406400
145,615000
292,1459100
633,407700
1080,2606900
161,1046200
1921,1677000
160,1047900
344,2796800
412,1126500
585,2603000
5571,3231400
181,1589100
678,1617900
880,4291900
2056,2087700
166,1171900
1509,4087800
402,934700
3012,4205500
3472,3692300
740,3308600
132,272600
17800,9218100
255,350500
2575,2924000
198,2084400
207,2291000
477,3418300
244,3294800
214,2640900
449,2323800
183,1837300
1229,3134000
706,2345400
401,808600
959,2922800
273,772500
140,512200
423,1504600
408,1033800
5492,5165300
190,2125200
126,128600
331,3261600
10830,8195200
4366,4289200
2537,1569900
2409,1716900
1681,1970000
163,1224100
139,537100
482,3181900
139,456300
1201,2353800
240,3122700
163,1156700
281,1147100
4472,4053700
4612,4404700
3032,1519900
164,1237600
224,2906400
802,1562200
3049,2017200
800,1629700
535,1270200
169,1282500
4445,2895400
1205,2392900
313,2011700
3936,2517100
1580,2461000
611,3046600
3280,1927000
1789,1736100
177,1553600
406,1210600
330,2294500
369,3292900
196,1916300
9371,5716700
6517,6048300
954,2492300
1805,1982300
786,1174100
367,3227700
210,2567200
253,301000
128,156100
134,398900
479,3038900
385,445000
1717,2886100
3923,2156300
1063,2173300
10254,6112500
962,2565800
2189,2186700
4770,5237900
13333,9356600
322,2396700
161,1101000
257,276900
3088,3731600
1020,939000
2201,2891500
191,2113300
685,2114800
286,1110400
235,3280200
1567,2195200
459,2660300
216,2565400
144,582900
5420,3015900
1674,1747400
6124,4586400
290,1240200
184,1731500
130,276400
5747,4459900
649,863500
17359,12487700
239,3206100
226,3012600
1203,2375000
5517,5434600
1875,3762900
686,1822300
387,483000
137,390700
133,340100
525,1006800
422,1479800
3741,4120600
208,2247200
149,802500
753,3602600
1144,852400
1065,2044400
1204,2463700
211,2455000
162,1077100
939,1948100
152,804200
682,1674300
168,1205700
335,2919200
220,2695000
450,2227500
192,2067800
139,525600
637,489500
898,861400
191,1838100
9129,5535300
13319,8478100
132,385300
288,1232600
2411,1512800
368,3253400
893,723800
917,1346600
168,1183200
3214,3469700
11294,7564300
2034,1388000
290,1140500
7703,3690900
199,2122000
2834,2957600
263,512000
2570,2452900
209,2285600
351,2818200
1463,2776300
1201,2322800
8055,7208400
4780,5520200
1645,1183500
222,3100500
436,1900100
242,3382900
10662,7283200
2081,28741300
505,352000
3727,3503900
973,2785100
258,310700
1577,2375500
143,552800
211,2297000
1751,3788700
925,1580200
437,1730900
221,2569900
1113,3375700
392,605600
2618,3840800
436,2170200
2726,4138800
279,938600
6960,4091400
1278,1078300
19156,8661400
1382,3912800
164,1353100
1977,3137100
487,3088200
2480,3297000
2106,3399200
341,2519500
1725,3093300
1893,1222900
167,1261600
340,2445600
232,3271600
662,1204500
424,1482700
1059,1838400
652,903300
348,2694000
335,2393500
1498,3774900
298,1662800
265,668800
440,1940800
263,419700
276,761700
9378,5792500
158,971400
8081,4164200
1618,4483000
451,2198200
189,1894600
138,436300
205,2251400
634,382500
872,3332700
1522,1135600
701,2610500
343,3465700
149,784600
6183,3151600
6765,5135000
490,3370800
144,599400
677,1814900
385,452000
2431,2238600
163,1326300
446,2121300
6041,6273000
152,966700
332,2742100
10814,7886500
153,815800
873,3418600
134,328100
286,1068400
1341,2757400
368,3494300
263,457400
5217,4012200
172,1446600
3316,2531500
3450,3201000
288,1161400
2385,4172300
343,2628600
309,2017400
522,770800
295,1309800
133,287000
158,943000
175,1690300
191,1893100
10447,8351700
5674,2600000
792,1558700
239,3141600
4621,4215300
8212,4904000
366,4289400
222,2693500
565,2158900
13740,6240700
407,1000800
304,1711500
218,2574700
411,1108700
328,2215600
1248,3483300
499,3341200
196,2081100
12578,7932400
163,1085600
372,3259900
235,3566600
1245,3678300
261,462800
232,2809000
142,644000
598,2783600
131,242800
674,1468300
18074,9492000
132,287400
356,2873800
137,390300
2414,1576700
1602,3265900
3838,3310500
2595,3054400
823,2154400
829,2424600
376,3619600
217,2754600
1302,1705500
275,783400
7432,6813300
773,833500
236,3223100
206,2266000
397,672500
166,1220800
1910,1429900
206,2621000
359,3476000
146,641600
387,461000
1539,1495100
260,551200
330,2860600
160,1247600
423,1426900
666,1531000
149,738700
396,905200
161,1165700
778,995900
293,1303600
231,4092500
733,3349200
481,3071200
7561,3627400
1461,2963100
426,1797700
740,3435300
249,3546600
262,483100
657,1013700
533,1326400
862,3525800
4220,3856600
623,3495300
816,2222300
554,1812300
690,1917600
9385,6443400
765,695100
508,476300
437,1783200
129,197000
304,1521300
1464,2630000
510,445200
474,2643000
166,1157800
236,3428700
667,1428000
12303,7701200
450,2216200
149,795900
196,1973000
392,611500
250,3350400
967,2716100
306,1626700
8153,6050900
4324,3327700
7361,4666400
271,813600
213,2368100
2322,2799400
656,1233400
678,1654300
6693,3277400
378,255500
643,647500
251,3970500
3790,2290000
4710,3989800
4382,4942500
1472,3575000
574,2246200
3407,1811400
773,918000
1775,1386800
1605,3824800
216,2729500
3152,1556300
784,1332600
295,1354800
268,616100
1811,2584300
130,457200
18087,10128600
257,439600
406,926100
459,2548100
7451,5188400
653,1270300
460,2817900
224,2869700
303,1542500
4881,4885700
696,2253000
492,3404000
156,994500
358,3316300
14841,9040900
1484,3334700
14860,10370500
274,742800
10022,7725800
1198,2490100
331,2322300
13047,7654200
223,2697400
253,176600
469,2992800
159,1234400
346,2853000
364,3160200
241,3170900
573,2180400
617,3516900
426,1553100
236,3204100
892,726300
969,2748200
139,514000
146,624900
1143,1039200
12858,6963100
252,208400
703,2313900
231,3858300
170,1396000
128,166900
235,3395100
157,1010700
268,628100
486,3148700
2786,1687300
2873,4180900
355,3544000
10745,5993100
2304,2029200
1551,1816900
1282,1192600
1237,3333800
4913,5818400
1176,1894500
10261,5967100
1473,3458900
405,972700
230,2774600
315,2007000
156,981500
296,1310900
237,3252600
21414,13318500
144,646100
296,1331300
1421,1696800
295,1406000
6880,6252000
685,2060000
4697,3420800
7000,5936300
5446,3913900
505,326100
513,531100
412,1079200
4653,5305700
207,2313700
381,322600
205,2258600
984,3227300
250,3334500
148,750700
1446,2622500
2449,2920000
944,2090400
386,431600
341,2540500
515,618500
315,1952400
727,3012600
2908,1800400
179,1576700
149,848900
5987,4312300
643,659500
303,1532700
379,244700
365,3164900
373,3719800
224,2743900
409,1114200
220,2648700
3058,2629000
166,1190700
1851,3128200
345,2833300
653,958200
1646,913400
564,1872700
1716,2869500
547,1440000
381,283100
240,3220300
591,2683900
165,1242700
498,3355000
7274,5641900
5983,4190800
6377,4836800
257,319800
159,1033100
11828,8524900
372,3769400
1875,3819800
225,3213200
453,2516500
1985,3704300
166,1225500
2778,1492200
243,4105700
137,391000
840,3078500
297,1448600
7082,4183300
1769,1231900
1085,2900600
289,1138700
2625,3836800
191,1776600
325,2493600
3148,4965000
7192,3698700
3815,2926000
126,136900
137,398900
354,3261400
7781,6085900
281,1102500
177,1438900
154,821200
209,2301400
414,1158600
1010,515700
2052,1990300
284,1026500
378,204400
143,552600
4568,3278800
1379,3753600
574,2343100
664,1330500
548,1459800
6053,2914600
279,874700
551,1561600
2338,2945200
8910,6297900
383,357800
2733,4130600
170,1560200
2471,3287800
1203,2486200
7610,4495400
3103,3587600
7987,4658500
339,2545200
1520,905100
894,730200
424,1524000
1187,2260500
136,393600
3113,3781200
9225,4779200
1554,1777600
324,2120200
575,2211300
320,2062900
1347,3061900
4559,2557900
163,1083400
1345,2915700
3407,1699400
13774,7577700
7121,4610300
217,2683900
258,322800
523,750800
235,3055300
163,1069600
612,3191100
2941,2420500
316,1870400
239,3213700
3083,3345500
11741,6103600
5133,4963700
2537,1564600
259,413300
1246,3796100
17358,11053600
6519,5469600
979,3001000
214,2393900
3023,4739200
759,466700
134,392300
150,804700
283,965300
410,1036400
345,2569500
1143,817600
159,967800
1104,3206800
140,541000
454,2369800
139,444600
153,862600
807,1739600
1676,1778700
748,3678700
3118,3995800
325,2101700
288,1130600
1849,3244000
2858,3627100
796,1422000
278,885500
3018,4857800
505,348200
6889,5152000
368,3301300
16322,9828300
1784,1588500
153,840500
634,431700
872,3349200
5389,5234200
615,3239500
1512,808100
359,2992400
152,805200
341,2668300
321,1965400
135,329400
181,1542000
1997,4351100
129,338400
337,2685700
6607,4655600
497,3545500
532,1129200
134,333000
17037,8710900
338,2501200
327,2086500
1110,3570900
204,2237500
405,930900
1054,1808800
224,2775200
211,2322000
713,2637200
1027,1116800
466,2811900
5135,5232900
682,1762000
217,2581000
1132,4257900
360,3148700
719,2830800
3932,2516800
143,703200
8938,29055600
6561,3317600
410,1050300
212,2772400
1615,3661900
1174,1619000
2553,1995800
158,955200
612,3079100
427,1459600
895,931300
3550,2644500
924,2011700
854,3285500
810,2055300
337,2945900
3690,2856100
3889,5000500
844,2746900
330,2417600
1934,2541500
6917,6251100
399,884000
2617,4133800
638,549700
238,3062300
239,3740100
733,3369400
1724,3044100
873,3767600
436,1712900
272,708700
735,3275100
236,3054300
304,1776400
326,2371900
1935,2282200
164,1129900
2261,4669700
6185,3844600
334,2785300
274,751400
329,2452100
161,1373900
1223,3495900
153,972800
3050,2277700
245,3318500
987,3439000
175,1691200
1478,3688300
970,2869400
1566,2128800
506,377500
562,1819700
269,761700
186,1683000
752,3827700
191,2260300
992,3376700
214,2667500
2098,3285800
5794,6834000
380,453800
1081,2486500
2415,1866200
302,1480000
1032,1329900
7440,3953200
992,3581800
4666,2431600
2770,4451400
954,2445400
212,2639500
14311,8417400
388,546400
5302,3255800
1658,1380400
223,2662300
222,2711100
168,1241500
535,1068800
1987,3481800
275,825800
627,4478800
12221,9639500
4654,6003300
137,467100
947,2187600
427,1878600
135,442200
327,2124400
2322,2481200
172,1273800
11047,7786800
3763,4495200
1543,1534900
2948,2627700
265,519600
8030,6488400
303,1964800
3927,2340300
141,638800
148,759600
359,3038600
197,2161100
5452,3294800
8193,5167400
721,3323300
4487,4474300
17630,11028900
15437,9004500
13206,9310700
1840,2951900
9785,6531800
881,3819800
658,1077800
414,1282500
398,797100
1016,752800
615,3340100
748,3355500
1752,3950000
7202,3853800
282,1095200
385,392200
170,1318300
1100,2941500
1160,1225600
285,1028200
175,1380100
221,2660400
344,2940800
260,370100
1973,3421400
158,1077200
10984,6091600
1696,2288900
716,2950900
729,2905600
267,610800
1825,2592900
7269,5570200
2278,1358500
430,1653100
1756,3832000
128,158500
129,190100
1729,3255900
205,2548000
785,1143700
850,3458800
7298,6942400
132,373900
6124,4739400
691,2013000
8804,7465400
556,1772700
2175,1911600
613,3985300
816,2220500
768,727200
1104,3086200
141,520900
145,579400
972,2818600
4764,4997700
342,3068800
201,2230200
5006,4540600
319,1990800
1430,1792200
1541,1483300
813,2182100
286,1175000
644,728200
8864,5480100
1280,1269400
155,935400
331,2408900
191,2188600
2869,3916800
437,2279300
1618,4242100
245,4101400
139,506800
7300,6640100
4069,2784800
10980,5288000
3755,4211900
2131,4105900
449,2103300
10958,8686100
390,550500
298,1646900
10822,8708600
971,2942000
551,1710700
840,2615700
10187,7951900
763,575800
1300,1705600
13031,7437300
238,3293600
435,1974400
1429,1872600
894,763600
729,3076300
577,2145300
381,408900
234,3306200
217,2690600
622,3859100
242,3763400
174,1518100
751,4032500
444,2211900
4487,4406800
158,1051000
236,3298500
3019,5449500
1571,2702200
501,3882300
7232,4557400
982,3197400
772,829400
461,2888800
2393,4402100
1332,2518200
3057,2717300
349,3232400
3853,4113600
2916,1761400
156,913100
254,206800
237,3888500
159,995900
3590,3655600
272,878600
206,2317800
263,465100
421,1494300
129,190700
129,183600
161,1058900
234,3195500
248,3506700
371,3844500
15872,11270600
170,1809400
138,467600
1025,1034400
4847,4039600
286,1124500
3765,5211500
158,1068900
1342,3333900
1112,3518200
408,1046900
266,632300
668,1422300
1019,791200
305,1625600
349,3433500
254,284100
10552,7888500
243,3429100
5516,6211300
357,2989300
520,708600
342,2580200
1246,3399800
1788,1393100
127,119900
271,740800
1229,3176900
140,520700
1736,3458400
173,1335400
173,1522000
6347,4131800
2473,3305500
157,1044500
850,2820200
162,1105800
382,357200
5918,5866900
302,1516400
256,273400
2251,4591800
384,617700
836,2905500
144,652700
5586,3733600
1201,2377600
1138,677900
1369,3749900
1107,3086500
1906,1390300
225,2659100
12887,6835700
459,2451800
4023,5147400
2917,1858000
151,741600
1296,2025500
156,1033500
685,1928100
2307,2371400
210,2388800
5916,6458700
911,1469000
1028,1091800
12122,6170300
5881,5247200
2396,1555900
292,1493300
265,687700
556,2021600
170,1532300
140,580700
259,450000
300,1545000
11939,8138900
485,3442400
4229,3847200
1051,1688400
1699,2346900
1290,1412800
211,2319600
292,1485700
147,683000
3768,4567100
771,927700
143,600600
329,2290900
2245,3823100
911,1255700
1721,3447400
380,291800
1312,2026400
1932,2025700
4725,3943100
334,2430900
733,3462900
267,679900
278,853600
351,3319400
354,3458200
1675,1931100
716,2535000
179,1533100
825,2205100
3302,2250900
259,339700
2347,3806000
11157,7306400
203,2638600
268,752400
864,3491500
14121,6774300
1171,1767800
134,326000
473,2978200
206,2195800
162,1105400
1329,2368900
3236,3656500
683,1970000
510,419700
208,2937700
756,528700
7585,4120900
445,2118100
1692,2294900
570,2160400
167,1186700
1254,4600600
981,3044500
3583,3416400
2048,2046100
613,3439400
138,418600
569,2178900
312,1809600
1627,4365200
180,1830000
5291,7424600
319,2340800
440,2243500
8280,7129400
1232,3422800
2506,4486800
4013,4684300
153,1049000
231,3207500
639,861100
691,2097000
178,1582500
190,2029200
2340,3474200
245,3654600
967,2839800
1603,3403000
7009,5661500
128,291700
1114,3924900
2135,4461800
377,3680400
349,3045600
2453,3219900
2782,1662600
162,1389600
194,2072700
616,3702600
728,3033900
3765,5043700
766,647200
765,751300
213,2528400
17550,9754000
2712,3079800
342,2625100
319,2265500
535,1108100
299,1492800
12827,9219400
1172,1621000
137,415900
312,1832600
224,2772900
3694,3120100
338,2524500
991,3449100
9756,6069800
252,214000
4763,5778000
459,2869200
3920,2197200
241,3365900
223,3058100
761,583200
191,1987500
846,3613400
2618,3732900
259,399600
308,1723200
258,347000
1013,628200
1807,1993600
930,1652200
250,3444900
208,2261700
2050,2253800
8167,7210000
1322,2313400
456,2289200
1379,3813400
460,2978500
156,967300
14411,7873200
147,685100
207,2265500
174,1348400
173,1445300
4398,5236000
2128,4045100
423,1452500
4486,4165700
598,3153300
130,241200
5983,5481500
207,2428800
188,1897300
326,2208200
976,3241700
326,2452000
241,3410700
128,160700
262,428500
140,535900
184,2097900
3041,1887400
546,1517100
1675,19079200
7756,5291300
7776,5507900
196,1988400
759,455700
11176,7145300
1152,1049000
196,1947200
328,2274600
132,249400
527,1060000
591,2708200
1621,3799300
1826,2617100
660,1164800
1152,1227600
360,3688700
703,2684700
624,3517400
1741,3612700
337,2437800
354,3084500
2330,2931800
589,2667900
191,1937900
1143,1498500
1483,4026100
304,1842200
3975,3744900
224,2736200
182,1589000
127,140600
349,2756800
1918,1594400
309,1675500
1362,3687700
318,2116000
529,1012900
165,1232800
1472,3086100
421,1438800
183,1610100
1023,875600
747,3965200
162,1167100
1914,1597000
3215,3235700
1984,3510600
144,609800
1642,852900
962,3070800
664,1362800
193,2141000
2860,4421300
5592,4301600
1970,3517300
1371,3729800
419,1961100
221,3032800
4991,4608300
573,2401600
237,3557900
142,555800
142,549700
153,843800
243,4740000
204,2756100
3274,5842600
367,3705600
826,2516700
613,3498800
555,1798100
745,3398700
220,3383400
181,1785100
196,2123700
239,3545100
1333,2621600
695,2091500
149,694600
882,455000
633,482400
2469,3099300
308,1674100
247,3813600
167,1341600
271,672900
895,825600
653,897900
597,2791900
1334,2688600
1822,2511700
906,1241000
542,1558400
135,403400
2679,2112800
5225,4113500
734,3400800
162,1125100
146,756600
1658,1260800
176,1409500
973,3119300
209,2516000
1820,2360100
1572,2503300
140,479200
8271,5659900
1406,1293400
300,1561600
299,1569900
770,890200
137,374500
169,1323900
743,3297500
214,2584200
149,721300
2687,2816200
187,2007300
226,3070200
181,1669100
1096,2940600
426,1476000
1030,1106200
763,666700
129,198100
917,1449000
14863,9998700
312,1776700
399,823500
262,601300
225,2938500
242,3485500
273,720000
1158,1300400
405,957500
229,2883700
3689,2744800
1121,3808000
215,2620500
4536,1931700
2597,3156500
203,2224700
625,3928300
207,2366000
4759,4649800
6634,5373600
177,1669500
1122,4177500
6086,3723900
256,259300
725,2839300
163,1158500
411,1138900
780,1291600
863,3232000
170,1305200
159,995000
616,3325500
151,786500
136,374300
949,2452400
5336,3650300
432,1622000
233,2858100
1642,910300
571,2335300
172,1337600
5212,4304100
294,1359500
431,1669300
425,1398300
158,932000
1072,2245600
293,1584500
3311,2499300
234,2919200
4848,3942100
269,768300
298,1406100
226,2717300
159,1148400
4025,5285300
3027,1388600
132,410300
442,2107100
1945,2726300
7511,5456900
1590,3061800
6582,3957600
291,1204900
323,2162000
361,3006100
9759,5842900
374,3843300
600,2782100
132,256100
7461,3918700
155,881400
2037,1407200
487,3100800
493,3591100
356,3005600
149,762900
918,1771000
520,850400
1386,850400
229,3169300
453,2669500
1086,3263700
142,676000
5432,3378500
6202,4163500
188,1842200
155,960200
890,696200
206,2275800
1540,1433400
3752,4579500
173,1604600
187,1755300
628,3930800
420,1443600
308,1688900
3569,3234200
276,891600
1923,1733300
384,394700
302,1772300
637,620300
1271,859800
19455,9977100
568,2023000
328,2115800
444,2100700
619,3693600
3925,2244400
206,2183700
553,1610400
616,3322200
7997,6362700
9076,5119000
469,2954000
1111,3897600
320,2284700
456,2521500
3534,2415000
149,1390400
1285,1649300
449,2863700
5009,6167700
145,598900
18220,14448900
9987,5790300
458,2518200
192,2046700
337,2660100
152,905900
138,450800
2650,1488800
1031,1264400
261,437900
2109,3536400
395,779500
936,2340400
171,1414600
2350,3420200
4014,4681200
220,2808000
1215,3373000
4024,5417600
255,333700
198,2038900
565,2194700
371,3694700
1137,1009900
855,3227900
237,3158400
211,2376100
12588,9189200
4183,2644100
1237,3675500
2944,2570500
886,514200
373,4108100
329,2234600
1118,3940700
181,1911800
135,429900
475,2988700
2394,1140100
488,3418100
1298,1693700
900,1001400
2032,1293400
181,1565300
898,895100
623,3391800
491,3171900
6036,6172400
267,550300
437,1828200
159,1240800
2369,3991400
1085,3184200
1707,2708900
10637,6395000
5441,2983700
1044,1713800
168,1330400
286,1074300
2719,3093500
434,1903100
276,809700
434,1686000
248,3380900
649,841700
821,2212800
1022,953800
2638,4119000
1157,1420700
269,774700
345,2726000
1350,3066700
870,3640000
462,2547700
1625,4048800
213,2437100
1005,4125600
141,639400
431,1571500
149,893800
1135,794400
992,3775000
3478,4325600
3206,3597800
1633,5185200
462,2412900
785,1159000
338,2783200
451,2412200
5862,4384100
472,3072200
277,854600
146,834100
578,2261400
3592,3829800
3514,4606800
149,823000
241,3547000
394,844700
845,2842100
137,441100
660,1203600
826,2228400
17983,11636200
420,1421400
388,499000
223,2833700
15802,8724400
217,2949600
892,939400
2236,4361600
128,248600
224,3199800
12373,6573400
1437,2053100
319,2182000
606,3146500
504,317000
135,328100
270,624100
143,585300
12892,7633200
1498,3682100
11896,7007800
1033,1361300
179,1605700
876,3665800
1902,1427600
165,1107500
1674,1684600
8081,3936300
547,1503800
1246,4254200
1043,1562100
250,3376800
441,1856100
201,2071300
214,2799200
182,1930700
1503,4564400
1544,1884700
6174,2951600
167,1230300
6773,5574500
138,471000
288,1271000
15071,8789000
2674,2087400
1050,1644600
3840,3731300
169,1313700
1024,863000
4339,3357500
1104,3588300
275,1040900
286,1094800
241,3731500
196,2059300
921,1627500
764,638100
236,3066900
184,1862500
3449,3267100
988,3881000
4813,3270900
152,1317300
5295,2475300
246,3319800
478,2981600
224,3056000
833,2540900
934,2091700
866,3625900
1586,2876200
268,587300
498,3295100
303,1528400
667,1387700
903,1199900
1653,1279800
337,2707400
143,584600
182,1523800
6128,5260900
177,1515300
227,4360300
13922,8051900
5620,4385900
895,783000
427,1699400
3449,2739600
5570,3191900
127,177600
875,3524200
1437,2036500
138,428600
276,830500
1668,1760200
710,3190100
899,951700
1194,2231200
200,2066400
2899,1399400
822,2244200
9304,7377200
222,2793400
130,222800
174,1458400
1715,3045000
181,1602300
145,590700
754,4031300
2577,2856900
140,499300
168,1299800
200,2549700
415,1268600
1985,3515200
156,919100
6355,4419600
8943,7685300
837,3131500
436,1823800
3793,2004600
639,559600
578,2218000
3338,3075500
137,395900
217,2496400
385,413200
909,1119200
1015,752100
291,1253800
245,3295900
427,1810400
1247,3648400
832,2622600
1872,4604300
256,285300
6679,3230300
165,1243500
15128,6792800
243,3728500
189,1875400
806,1774500
390,545500
908,1197800
609,3173000
316,1923400
140,506200
185,1638700
400,1045600
134,322000
552,1865900
283,1150100
187,1731800
147,646500
1005,3540600
604,2968500
334,2539900
154,1051800
612,3059100
177,1627700
283,1097000
1540,1493500
15980,10721800
8673,6952200
3909,1763700
2774,1280300
746,3470300
14295,8133300
421,1501900
1863,21147700
15369,9823000
206,2256400
672,1566400
681,1708900
285,1045400
198,1977300
1720,2830200
143,564300
137,448200
4169,2103400
139,496500
1197,2267200
900,953200
532,1139200
488,3422800
224,2675400
4292,2105400
763,559000
11991,5982800
186,1879400
337,2841700
907,1246900
129,185400
2908,1722300
256,279700
14579,9374700
3161,1992000
2092,2989200
5520,6875500
13150,7709000
867,3451900
170,1250200
246,3516500
140,577600
2086,3085100
237,3065500
908,1151600
309,2007300
1595,2953200
754,3911600
9146,6129500
749,3535200
455,2485900
1804,1866200
2679,2305800
250,3395900
150,958800
126,127000
654,1201000
2699,2705700
164,1195200
381,294100
235,3117700
2186,2649200
1222,2860000
558,1743600
1027,1002300
651,831700
304,1515800
430,1581200
1154,1097500
262,434000
195,2291300
698,2313000
261,416900
360,3025300
3126,4305600
3212,3082700
263,461300
144,571400
16651,8553700
4294,2200400
144,584000
335,2405000
1273,906700
325,2446200
859,3081000
11951,9013700
176,1659000
9689,7769200
233,2986500
277,920500
5786,5738100
268,587300
283,981700
1300,1629700
766,690600
369,3533000
472,2869200
292,1318200
3304,2381800
1017,706200
3591,3176800
199,2012900
1678,1746100
809,1750500
158,963200
238,3152400
440,2400400
267,802100
222,2844600
5707,3553800
4180,2508800
168,1450900
192,1921000
252,182100
2873,4564000
410,1521100
5130,5553100
958,3115800
666,1703200
2306,2356200
484,3214400
5567,3276000
382,322100
7784,6890900
1891,966000
352,3278900
369,4148400
337,2648900
795,1764400
2621,5429900
362,4763600
338,2714300
237,3422800
169,1372100
308,1940900
5808,3232000
337,2697300
151,798900
316,1964300
1882,4467200
190,2137400
184,2203000
2501,4409400
221,2676200
132,263600
305,1894100
824,2486500
138,542900
133,312900
1547,1763000
524,882500
6190,3541800
7336,4311100
13858,10088900
817,2854800
225,2938200
3968,3382000
15080,9093400
746,3654200
1208,2691200
9252,5755700
775,902400
2124,3819800
1210,2748700
357,3109700
5592,3724000
227,2765500
230,2852800
394,634000
2269,1014800
426,1891800
1790,1464600
1746,4293500
319,2050700
266,525900
1416,1417300
439,1825500
1707,2937700
220,3511100
173,1353700
3716,3374800
219,2817600
14320,9068400
9005,5994300
425,1538500
137,508800
751,3942100
1207,3189300
244,3340500
175,1468500
1985,3650100
987,3613900
493,3262600
675,1499400
403,1020600
1520,1087700
1907,1413500
10352,6272600
2066,2489400
138,583700
2364,3590300
477,3042800
163,1129700
361,3539300
147,659000
263,482800
432,1637900
419,1257800
414,1191200
297,1332700
552,1597400
212,2510300
584,2618500
374,3414900
2841,3177700
4064,2642800
787,1344300
3679,2795700
779,1177500
242,3432800
834,2464800
488,3156600
239,3155800
2249,4208100
11661,7192200
2330,2715200
145,677400
140,504200
397,711800
8028,6105100
610,3380000
377,3457400
3441,2607100
759,456300
727,3111700
501,3451700
135,358100
287,1100200
1124,4247600
1797,1706700
4308,3297100
190,2286200
251,3933100
932,1869000
560,2080300
258,593400
5708,4014400
6917,7323400
264,611900
143,595200
537,1193400
14687,8569000
931,1727100
186,1668000
199,1992100
1946,2511900
203,2308600
159,1069100
1161,1376700
3103,3616500
5270,5641900
3291,2485700
1217,3543900
766,632200
270,726200
771,762600
792,1343500
492,3240000
3217,3173400
1031,1362700
1508,4076400
1010,591600
806,1821700
3316,3026600
162,1141700
387,1168400
825,2423100
479,3044600
2320,2968500
1789,1770500
148,858500
1580,2684300
6219,3913500
311,1755200
284,1045800
132,262200
222,2825500
149,713000
7962,4357000
149,748600
860,3350600
2158,1487000
136,529500
9754,6659500
994,3676500
2091,3077100
520,715800
223,3348500
362,3367100
349,2889500
241,3224000
459,2594600
740,3521000
9444,7848100
6429,3293400
517,764600
3321,2770600
19068,11273600
2607,3606400
3291,2105500
215,2810900
3107,3958200
422,1401200
793,1811900
1365,3840700
4533,5625100
192,1816600
920,1525100
858,3112200
1147,944300
139,518000
754,4026000
796,1801600
1495,3764500
935,1914700
523,832100
345,2718000
11607,5917300
412,1437000
361,3330000
8194,3837000
5115,4429300
185,1660300
2469,3163400
225,2745300
192,1922100
795,1697800
958,2502700
7720,4436600
7200,3657900
943,2018700
721,2912200
2533,1668000
201,2147000
3745,4128200
2893,4880900
283,1087400
3751,4702200
6005,4896300
531,1075100
139,444200
245,3347000
9845,5031500
137,420700
1990,3802500
11452,8845100
330,2309900
1019,720200
302,1460500
315,1883800
865,3513500
314,1837800
1105,3132600
213,2461500
195,2228800
271,697900
325,2256800
312,1943800
268,647500
307,1775900
1073,2319900
932,2142400
1029,1273100
235,3203600
178,1616300
