5040
312493
351184675700
1008
97209900
97498800
96985200
100345100
97787400
97488600
99401800
97515400
98025500
99946200
97131700
118235100
105198800
100869700
100052600
98488800
98557200
97070300
102604400
100898600
97849300
97368000
98649500
101791500
100572100
98014700
96572300
98032600
99271400
213659700
100642700
97783400
97835700
104277900
98580700
97687300
99840400
98013000
100642100
106006700
100069800
156904300
144761200
101812000
100106700
100917000
96565800
97887400
98569600
97309200
98313800
96917100
99834900
103492000
144383800
110368700
116489000
118998400
117037000
140253400
132693100
158832000
155292600
119981500
208663400
97520700
100686000
100569900
105209000
99722100
99051800
99610700
97442900
122884200
121481700
133005300
164156300
120764900
97475400
100678500
97876800
97980000
100461100
96876000
98233300
97380400
98406900
101980800
99301600
148792800
99871900
98576700
96901400
97044400
99890900
97259000
99358900
100984700
101817200
101964300
97750800
96950200
131849100
97719600
100280200
101443500
125192400
98679000
98706200
100956500
100024700
127214300
114983200
100925100
101184400
147235300
97158900
97138900
101381700
103889200
97274100
101267900
97722400
99299200
97004200
97244200
100916800
98142700
131681600
99266900
98907500
97822400
97567100
99644900
97172200
97318800
98470500
99242900
100662600
98944000
97086700
103571500
97654900
100468500
98098600
97926200
101581800
98403200
99192700
100582300
97061400
96602500
97097600
99336800
97230200
96864200
108362400
103078700
100167100
99338100
98391200
97960800
99484100
107723600
98815400
100680400
101301400
98074800
101782100
166560700
100371500
100341400
97830400
99948800
97467000
97094900
100045600
97666300
98834600
107981900
103444800
181840800
100539500
101035800
100315600
102968200
101348700
102676300
102273800
100292000
99106800
98324200
100228700
97812800
135647600
100469600
97889200
98219300
97889800
99351600
97307800
96687300
99917100
97022500
99283800
107795300
122501300
145610700
97476900
97677000
98870800
97190100
97432400
99235800
97367900
99431500
97318800
99273800
99520600
100535100
98563500
112305700
97064700
99932100
96914500
102493300
107316700
97960400
101837400
98883000
97196600
97234600
97274300
99123300
97274000
111436600
97161900
99870600
101428100
97150600
96560900
97595000
97243900
99094900
96815400
97312400
101907000
98827200
102569600
108941100
112066400
116014400
97007300
99341000
97371500
100638700
107553000
118403100
100028800
97372300
97341000
138787400
107165600
99051800
98942200
101623600
101646300
99757800
101520700
103062200
98245900
98718000
98886200
99549500
144908200
100198600
98020700
97907200
98028400
97142400
99303100
97237600
98436900
99052900
98443300
97550400
100527000
98399200
112456000
96797400
99953100
100740400
97990600
101716800
96810500
100320100
100481600
100547000
98870700
98440100
96855200
98445900
108014400
98904200
97988400
105340300
107494000
118939200
103343300
96534800
98732300
98583500
99357300
103703000
97722900
188359100
141527400
97965600
97021500
99003300
98164100
97370600
98399800
97901300
107670900
104398300
101626900
137527700
106907200
108292800
110069100
103508500
98492500
103267800
97540000
96999000
100493300
97376500
96546200
98384800
99760200
100818600
119324400
100284000
101999700
98550000
98968900
97524900
118783100
102121000
98524200
98814700
102021800
100262100
104416200
99709500
119670600
101395900
97037400
97150700
96974100
98972700
98304800
98265500
97050300
101277800
102542700
111120700
96807000
99519900
97149600
98295000
98402000
98629500
97923900
97630400
101528600
97755900
96267600
97389100
97484900
134514800
98613300
117087600
148243700
112457600
96752400
95928600
97550300
97818000
98329000
96566700
98860700
96744600
104067300
98449500
96624500
99587000
99365300
98805400
98705900
96467600
97053000
96931800
97695300
98479500
99879300
127761500
99179000
97881100
98258000
97548900
99359600
97537400
103417400
98897700
96737100
96779100
98820300
104495800
101981000
130096300
99988800
98866900
102129600
100614300
97645000
97841200
99461400
98122900
99654400
98000700
98720700
96760500
100923900
100028600
99604700
97237400
97108000
99715100
98765900
100467700
99024600
96761900
100648000
98715800
96584200
96677800
125361400
98636900
97607900
97777600
97195500
96462200
138721600
122386300
99858300
107919500
113815200
99087400
97028800
127537000
103608900
97472700
99690600
96468200
97737500
98775000
97226900
99382100
98029200
97697100
96945100
96971100
101512500
97335700
102525400
97326900
97665500
97952700
102551000
99391000
97000200
97822800
105581700
98447000
96685000
97516300
105259500
100542700
98073300
98810800
96047300
96796300
97509700
96263000
98646200
98948900
98191100
98117400
98609600
97507000
124121600
96583200
98620400
100953900
101832300
96378400
108125100
127573200
98527200
96358100
96104200
99268800
96607300
114254700
98998100
95750900
99322500
97019600
98595900
97244400
95449700
97583000
103099500
101610500
96186900
96083500
102987700
114926900
99897800
98856500
95737000
96087000
96360800
98030800
96055900
97540800
99500700
95299500
98564500
104408800
96331800
102897800
98948900
97798800
99220400
95627500
97331400
96190700
100620800
98446700
96520000
95758600
95573300
97944400
95715300
95688700
96644000
96014400
102819600
122236000
96879500
96131000
95815300
96861500
97256000
95789200
96022500
97632400
97435300
99714100
96151700
103183800
96553300
96613000
98023000
100932800
96855800
99952100
96287100
101469600
96844000
96592200
115942100
97020600
98692400
99767600
96358200
102670600
95827200
100655100
108362600
145398400
117297700
96961000
100971400
98015900
96137700
96093100
96814400
98135600
95962500
96453200
96207900
96927200
97433300
99992000
96062300
100974200
98971400
109085000
137093100
106046700
96458100
95640700
105190100
99314600
96927000
98910600
97118800
98796700
97292000
99737300
96371100
96949200
96828000
99262900
96821000
100258300
96318500
98879500
96622900
96190500
97299400
96270900
96848300
99014600
107825700
98249500
97015700
98484400
98044100
95804500
95563900
95362400
98960100
95802100
99685900
97466100
98592100
99232900
108675800
95696300
96872200
95931700
98243900
96231400
99716700
97146800
101152600
104188100
107360300
136270600
114948800
98400300
98402900
96432700
100557900
101112400
98057400
97671700
103180200
97860300
97604900
96821000
96158500
100436800
101086900
98443200
97893700
97173800
104066300
96687700
96503600
96063200
96392500
98742100
99635000
96727000
97960500
96230100
97394500
123335100
96545000
96428800
95316100
96359500
98512700
99834500
101115500
95917900
98590700
96067400
98306200
100723000
96419500
96156500
95963300
99805200
99671800
97061700
97830200
96882100
99305000
105168800
121453700
97059700
95695500
100444300
97992500
98911600
96540200
98007400
96359000
96459800
99672100
100552400
96660400
98077100
98247500
98025400
113407400
148386500
112962000
98392800
95867500
96696100
97721000
102709600
103169400
99309100
96714500
97733400
97618400
98219900
96259900
97095500
102420600
100392700
99054800
96032600
96751400
95698100
96000200
96372400
97499100
96356700
95931300
97000700
98755200
120164800
97242200
96178600
96899300
96864500
103632400
124472900
96721900
96065600
105976400
97247300
99011100
104237200
111504000
116760200
110692200
110449300
99484100
99298400
100080600
134299000
119660300
119666500
105864500
109745100
128635600
97378100
99790800
100008600
101423900
97674000
98447100
165965200
129283500
104363900
97148600
96615900
103094700
102246300
99021200
99717600
96396000
98644700
96485500
96375500
96382800
96578600
102595000
97704800
99445200
100627800
101454600
132015400
96175900
114043800
113541800
98863900
103071500
96697400
100134000
96449300
97872600
99980000
97515300
96768100
113573500
97342400
100500600
96440600
99097700
95987400
96096100
103842700
96369700
95872900
97227300
96514700
104247300
96610700
128315600
95469100
95892300
98512300
95623700
96464300
96449200
96436200
98877700
97745200
96218700
98232000
96148800
99197800
97049600
101081700
97518600
97873900
99760100
97463700
100660700
121576300
111522700
99791200
95971000
96026300
104455600
120598600
101729000
97565900
99474200
100998000
97072800
98009900
97240900
98413800
96417000
103164800
99932000
100422600
95937900
99103600
96816300
98703700
99112900
97137800
97155300
97057400
99071700
99137700
96782000
95896400
96922900
97562200
97157000
97545600
98364200
97569500
99226400
104316100
100418800
97605500
97216800
96971000
99596800
96825700
96511100
96131800
96861800
99025200
97723200
101712600
96381100
96694000
100655600
96199000
100831100
98552400
98669200
124419100
110599400
104311200
107236900
98308100
98430100
99978900
102273800
128896800
117399100
99363300
102543900
96137100
97011300
96332200
97551300
126450800
98344300
96855200
97737900
99383800
100800800
95742400
97938700
99336600
98373700
96272100
97794400
96964700
98260800
96159200
100742300
98837400
98504300
96450600
95771100
96127400
96201200
96652000
98925700
98874500
96186700
99495400
102330100
96029800
96563200
102298600
96098000
96753900
99521200
96917200
111741800
117128800
96983500
97878500
96066700
97788400
111434000
98161800
99102600
98587800
97240700
100893600
96935000
98326100
96643600
97918800
96945800
103591400
99411600
97019600
116216100
95862200
96274400
97647300
95922400
96997200
97511100
111777700
116470800
99015700
96489600
96446500
96350700
97237800
97177700
96264900
96497200
96325800
8,216700
8,185800
8,178700
8,149200
8,178700
8,218300
8,153900
8,200100
8,163800
8,152700
8,149500
8,165400
8,150700
8,149100
8,145000
8,144800
8,148600
8,148800
8,150600
8,151200
8,150200
8,145800
8,149200
8,147500
8,150400
8,148100
8,151000
8,149000
8,147200
8,151600
8,161300
8,150700
8,156100
8,168300
8,172100
8,149700
8,151900
8,174100
8,168100
8,152400
8,151900
8,150500
8,151300
8,152900
8,145200
8,219800
8,197000
8,197900
8,152100
8,149600
8,147300
8,148800
8,148300
8,147900
8,149400
8,148100
8,152500
8,146900
8,154400
8,153100
8,181700
8,175300
8,166500
8,139500
8,169700
8,176800
8,153500
8,150700
8,151000
8,147500
8,153400
8,148000
8,148400
8,149100
8,149200
8,145700
8,147200
8,154700
8,170200
8,153000
8,148600
8,150800
8,153000
8,145900
8,149100
8,149700
8,146200
8,149700
8,147500
8,149900
8,148200
8,147600
8,146800
8,150800
8,151900
8,155500
9,146400
9,148200
9,147600
9,148700
9,150200
9,150300
8,149900
9,147200
9,170800
8,198500
9,148900
9,184700
9,174800
9,173300
9,161400
9,150500
9,150600
9,147800
9,148300
9,146500
9,146300
8,150100
9,158400
9,207000
9,217000
9,217200
9,531300
9,412200
9,405200
8,389700
9,408000
9,408200
9,415200
9,435800
9,410000
9,410300
9,409700
9,409100
9,425100
9,410900
9,454500
9,407600
9,437100
9,417300
9,405800
9,418700
9,408000
9,556400
9,505600
9,407400
9,406600
9,412700
9,416200
9,402600
9,507800
9,406500
9,420700
9,411300
9,410200
9,496600
9,409100
9,413000
9,406200
8,379800
9,407600
9,405600
9,409600
9,406100
9,409200
9,433200
9,606900
9,459400
9,491400
9,411100
8,389900
9,408600
9,411800
9,456800
9,415000
9,419600
9,413900
9,405300
9,405500
9,408400
9,414100
9,404700
9,402900
9,404400
9,415700
9,459900
9,471900
9,485300
9,523500
9,407500
9,412300
9,405600
9,407900
9,409700
9,408800
9,412100
9,407300
9,405500
9,424400
9,404100
9,404800
9,406100
9,406800
9,420100
9,405300
9,403400
9,408000
9,415800
9,436900
9,408100
9,438300
9,554200
9,466100
9,403200
9,412600
9,405900
8,384600
10,437600
10,433800
10,429600
10,429100
10,452300
10,633000
10,612200
10,522800
10,529300
10,569200
10,589700
10,448300
10,425300
10,456500
10,610000
10,632500
10,582900
10,558600
10,490100
10,434800
10,440300
10,462200
10,432400
10,527000
10,434200
10,443600
10,444700
10,490800
10,739100
10,630100
10,454200
10,435200
9,405600
10,551800
10,497900
10,518700
9,524600
10,438200
10,441600
10,439300
10,434600
10,439200
10,431000
10,444300
10,431300
10,439400
10,435200
10,439800
10,434100
9,406900
10,429800
8,398100
10,470700
9,415800
10,452100
10,477100
8,412400
8,377100
10,433200
10,435900
10,430300
10,454800
10,431000
10,430600
10,432700
10,436300
10,435700
10,437700
10,447100
10,434400
9,442600
10,626900
9,422700
10,434900
10,493300
10,441600
10,461800
10,564500
9,421100
10,447100
10,440800
10,435200
10,443800
10,433600
10,430800
10,489300
10,436000
10,693500
10,456800
10,430600
10,544500
10,561300
9,415600
10,441400
10,434400
10,449500
8,383900
10,518100
10,619000
10,476700
10,432900
10,440300
10,440200
10,470800
10,479200
10,443400
10,443000
10,429200
10,428900
10,431400
10,438700
10,433100
10,445300
10,431500
10,545600
10,438600
10,434900
10,432500
10,432400
10,454700
10,661000
10,452300
10,436600
10,446800
10,434300
10,431200
10,436700
10,445900
10,433600
10,431800
10,553800
10,435800
10,453900
10,434700
10,443600
10,435400
10,475800
10,499000
10,638700
11,665800
11,650400
11,492500
10,438500
11,475200
11,473700
11,555400
11,547900
11,583700
11,633900
11,568100
11,586300
11,545400
11,571000
9,490900
11,589000
11,557300
11,567800
11,587600
11,693300
11,568600
8,458000
11,583800
11,559500
11,589900
11,650100
11,514300
11,621600
11,556900
11,540500
11,554400
11,465100
11,499700
11,465900
11,643200
11,738800
11,528700
11,468200
11,455700
11,689000
11,654200
10,438700
11,466600
11,698600
11,509000
11,538900
11,477100
11,484100
11,460700
11,479800
11,494500
11,481600
11,483300
10,454700
11,503600
11,699000
11,517800
11,493600
11,523600
8,383300
11,543300
11,479200
11,473500
11,458600
11,515700
11,475000
11,513000
11,462900
11,481100
11,481800
12,518500
12,479600
12,513600
12,625600
12,584200
12,533800
12,492300
12,493500
12,499600
12,501300
12,475700
12,507000
12,519200
12,508300
12,645200
12,653700
12,615000
12,512300
12,517900
12,518300
12,538900
12,512000
12,511800
12,493200
9,413000
12,486000
12,498300
12,476200
12,486500
12,493600
12,499500
11,459900
12,499000
12,493500
12,496700
12,593500
12,508800
9,405800
12,564400
12,551700
11,462100
12,519900
12,489600
12,544000
12,505100
12,491600
9,433400
12,518800
11,468500
12,491000
12,496200
12,500800
8,387500
12,596300
10,462200
12,489700
12,517200
12,559600
12,489500
12,487500
12,521900
12,500800
12,497100
12,482400
12,485100
12,496100
12,480500
9,412200
12,485700
12,492600
10,432800
12,485200
12,482200
12,490300
12,512200
12,582900
12,676100
12,635600
12,506100
12,501300
9,409700
12,504500
12,482000
12,487800
12,479900
12,489300
12,483100
12,523900
12,500200
12,490200
12,489900
12,484900
12,495800
12,490700
12,483500
12,557400
12,544200
12,494900
12,482200
12,517900
13,518300
13,517000
13,607300
13,514200
13,666500
13,544100
12,481600
13,516900
13,505900
9,403000
13,506700
13,515700
13,579900
13,718400
11,503900
13,521600
13,523500
13,585300
13,536400
13,508300
13,546800
13,505700
13,519700
13,504700
13,510200
13,506800
13,574700
9,405000
11,457600
13,509300
13,518500
13,527400
13,797500
13,614200
13,512900
13,508600
13,527100
13,521500
13,523900
13,505900
13,520000
13,508100
13,510200
13,513000
13,513800
13,515300
13,514200
13,508200
13,504600
9,404600
13,654600
13,603600
13,509600
12,497000
13,523200
13,510600
13,510800
13,522000
13,514100
13,523100
13,506500
13,595100
13,515400
9,402700
13,514700
13,516000
13,504800
13,502600
13,567100
10,452600
13,506400
13,511100
13,510700
13,529000
8,383500
13,646000
13,515200
13,513000
13,511200
13,521800
13,520300
13,518200
13,507400
13,512600
13,585800
9,486500
13,512700
13,774500
13,577900
13,512700
11,506500
13,604400
13,518400
13,512000
13,503400
10,441200
13,511900
13,515300
13,516000
13,516600
14,535300
14,531700
14,544500
14,534300
14,528900
14,604900
14,687200
14,539300
14,558100
14,544500
14,573400
14,543800
14,533800
14,552000
14,530200
10,464000
14,545700
14,588900
14,536000
14,614900
14,552200
11,457600
14,540500
12,635000
14,559400
14,532600
14,559700
11,467000
14,533000
14,533700
14,534200
14,657100
13,508600
14,545100
14,540800
14,534000
14,539600
14,543100
14,550100
14,535400
11,461900
14,719300
14,574500
14,536500
14,562400
14,553600
14,575200
14,573100
14,580800
14,660200
14,533800
14,600400
14,577000
14,540200
14,542200
14,549000
14,537400
14,546000
14,577100
14,651800
14,533200
14,544700
14,549200
13,640700
14,538200
14,537300
13,549900
14,533700
14,563900
14,559200
14,554300
14,533100
14,583200
14,548200
11,555000
12,670600
14,658400
11,478100
14,747700
14,755000
14,766100
10,532500
14,735000
14,581800
14,711000
10,644600
14,791800
14,975700
14,981500
14,1078400
14,1063300
14,842700
8,637400
14,916700
14,893300
14,1195900
13,895500
14,898000
14,717300
15,1341900
8,615800
15,877700
15,935100
15,934700
14,764400
15,962900
12,798400
15,811100
15,715800
12,754900
15,939900
15,911100
15,867900
15,948000
15,871400
15,922400
15,941100
15,889800
15,1146300
15,855200
14,934300
15,948200
9,552700
11,755700
15,969200
15,918800
8,598300
14,1107800
15,749800
15,910200
15,1017700
15,950100
15,997000
15,663400
15,963600
15,935000
10,655600
15,801500
9,692200
15,887400
9,615900
15,940500
15,815100
15,862100
15,841800
15,1009900
15,961300
9,681500
15,1025400
15,915900
15,943800
15,911700
15,1091300
15,910000
15,891200
15,874500
15,973100
10,882800
15,958200
15,908700
15,969700
15,969800
15,1072000
8,677500
15,768500
13,872500
15,856100
8,525100
15,1065600
15,848500
15,701600
15,853800
15,1006200
15,926200
13,925600
15,1018500
15,1039800
15,882800
15,888400
15,1174000
15,761200
9,560800
15,996600
15,1074000
11,651000
15,963800
15,681100
15,905500
15,1067700
15,918800
15,1016800
15,852400
15,842800
10,741700
10,749000
15,626600
15,841100
15,757500
15,869800
15,1010300
11,718600
15,914400
15,595100
15,930100
16,691400
16,760100
16,786300
16,659300
9,505600
16,1229400
16,1081400
9,570000
10,688200
16,1024600
12,895000
14,879600
16,800100
16,874700
16,954000
16,995800
14,1061600
16,770800
16,1057000
16,977900
12,801800
16,1187500
16,881600
8,568200
16,944100
16,963800
8,505100
16,1096200
16,1056200
16,864800
16,853700
16,622700
16,860000
16,1032600
13,813900
16,882100
16,994000
16,1037600
16,1017400
16,942700
16,1016000
16,796400
16,905900
8,627900
16,1084900
9,672800
16,875600
16,821500
16,1032200
16,718300
16,1013900
12,778400
15,920300
16,842700
16,1052400
16,955600
16,766300
12,551200
16,767200
16,959200
16,779900
16,952400
16,995400
16,990400
16,709300
16,599300
16,999200
16,1076600
13,834100
16,960400
16,776900
16,796900
9,618400
16,960400
16,1255400
16,1035700
8,635800
16,1341400
16,1076700
16,1285500
16,1038500
16,1129900
16,1037800
16,1169000
16,884600
12,713600
13,751200
16,835700
15,744400
16,934000
16,933000
16,877600
16,895700
16,624500
8,635700
16,1033300
11,985000
11,738200
16,871200
8,455700
16,812100
16,1117700
16,1110900
16,920400
9,680900
16,1107400
17,1055500
8,628700
9,683800
17,1101100
17,878600
17,841600
10,557500
17,1009000
17,953500
17,834400
17,978500
12,545100
17,650800
17,965100
17,1057700
17,1049000
15,960400
17,1029000
17,827800
17,943400
17,915700
17,999600
9,548900
17,1004500
17,998500
17,1081000
17,1090900
17,1049300
17,941700
17,1112000
17,1156400
17,1072800
17,931300
17,602100
17,805900
17,973000
13,870000
17,1074700
17,1137000
17,941300
17,803800
17,915000
17,962000
17,944500
16,1273900
17,1218300
8,460100
17,988300
17,995600
17,820800
17,884700
17,788300
17,986500
11,589800
17,888600
17,1016100
17,844300
17,815300
9,890100
12,708300
17,935400
17,868000
17,1060500
17,1142600
14,947600
17,818800
17,749400
18,806500
18,1119600
18,1249600
10,817800
17,1154600
18,781700
18,1035800
18,1028300
13,877700
18,1109200
18,1038200
10,676500
11,776100
18,1140900
18,1005900
18,1029700
18,1045800
18,855500
18,943900
18,1137800
18,942200
18,1047700
18,1094400
18,843100
18,1059400
18,1145200
13,787100
18,1049800
18,1002500
18,851000
18,889000
11,747300
18,1132300
10,699400
18,1076000
18,1002300
18,1029800
18,1077000
18,1062700
18,1058200
18,904600
18,1102400
18,1080900
18,1036200
12,789500
18,994100
8,571700
18,781300
18,950200
18,1043900
18,2720700
18,1038100
18,1156600
9,605600
18,1189400
18,1335600
18,1105400
13,992400
18,1119100
18,1009500
18,1039600
18,996800
18,1055800
18,1129200
12,786000
18,955000
18,1216500
18,817000
18,1242900
18,1242100
18,1019500
19,1095500
19,1124900
19,1075300
8,439400
14,911900
19,950900
19,1034700
19,1082400
19,1234900
10,733000
19,1248300
19,1114700
19,1158100
12,719800
19,1119000
19,1096700
15,607600
19,1103800
19,841300
15,876400
19,1062300
9,658800
19,1321200
19,1207800
19,1232100
19,1170600
8,536200
19,951200
19,1339900
15,872800
19,1457400
19,1224900
19,1098000
10,703700
19,1156500
19,1185400
8,722900
19,1035700
11,623400
16,1022900
19,1116700
19,1087700
8,565700
19,860800
14,1084700
19,1163900
11,696900
19,907300
19,1103500
19,1185800
15,1083500
19,1225200
17,987800
19,1131600
19,1062100
19,1046400
19,1114500
19,1153900
8,620600
19,998800
19,1257400
19,963500
19,1067100
19,797600
19,1085700
19,1272000
13,772000
19,1123800
9,704400
19,1185800
19,831700
19,1162100
19,912500
14,626600
19,1159100
19,1442400
19,1223100
19,1118900
20,1027200
20,1177600
20,1161100
20,1154800
20,1034300
20,1144200
20,993600
20,1201400
20,1071100
10,648500
20,1245200
20,1249100
20,871000
20,1165100
20,1198200
20,1272200
12,839800
20,1299600
20,1129200
20,1219100
8,575500
10,690300
20,980300
20,1157700
20,1001400
20,1042800
20,1077600
20,1168300
20,1110500
8,426300
17,771200
20,1232400
20,1369500
20,1024800
8,590100
20,910600
20,1164400
20,1079300
20,1098900
20,1072600
20,1087800
20,1136300
20,1221300
19,1085100
20,947500
20,1126100
20,1104100
20,1320800
16,904000
20,1122900
11,702300
20,894300
20,1105500
8,614200
20,1085200
20,1134100
20,1181500
20,1109100
20,1086700
20,1009700
20,1075100
21,1127600
11,788400
21,1242400
15,897900
21,1294700
21,1099700
21,1208700
10,556100
21,1010200
21,1275900
21,1161300
21,1347000
21,1141000
21,1226300
21,1415300
21,1205600
18,934700
21,986400
19,1031000
21,1091000
21,959000
21,892600
21,1299800
21,1090300
21,1130800
8,568600
21,1374700
15,993100
21,1247300
15,910700
21,912300
16,1011800
21,1303600
21,1006100
21,1110200
12,617400
21,1061600
21,1187200
8,590200
21,1047000
11,666100
21,938400
21,1091600
21,1212500
21,1002800
21,1276600
21,1026400
21,1100700
21,927300
21,1137000
21,1035500
9,645000
21,1260200
21,1023300
21,1013300
21,1026800
14,923500
20,1123200
21,1298500
21,978400
9,628900
10,650000
15,975800
21,1038400
21,904200
10,501700
13,493600
22,1080500
8,608100
22,1090600
22,1106600
22,955100
22,1262900
20,1098400
22,1297000
21,1009200
22,1239900
22,1109200
22,1032600
22,1095100
11,562500
22,1265000
22,1175700
22,1410900
22,1192700
22,1139600
22,1264400
9,456700
22,1382100
22,1282100
22,1093900
22,1224500
22,1203800
22,1295400
12,842000
12,788500
22,1246900
22,1333200
22,1172500
14,816700
22,1168500
22,1248300
22,1275500
22,1166000
22,1203600
16,891300
22,1042300
22,1047500
22,1291500
22,1246700
22,1413900
10,437000
22,755200
22,729700
22,790500
22,817500
22,754400
22,967400
11,632500
22,814100
22,789400
17,637100
22,740500
9,407700
22,732300
22,729100
21,778400
22,751200
22,739000
12,494100
20,688000
22,794200
22,1194800
23,1454100
23,1561800
15,976900
23,1484400
23,1380600
12,811400
23,1426000
12,1142200
23,1383600
23,1349000
23,1153600
9,568600
10,630200
23,1379200
23,1357200
23,1359600
23,1274000
23,1282800
11,820600
23,1134700
8,575200
23,1329100
10,697000
23,1235300
23,1020200
8,553300
23,1367400
23,1266600
23,1377800
23,1581400
12,761300
23,1340700
23,1399900
9,712900
13,978700
23,1452700
23,1324600
23,993600
23,1170000
17,1011300
23,1346000
23,1352300
23,1054700
9,657000
23,1162000
23,1227200
9,453700
15,890600
23,1351300
23,1088000
23,1282900
12,624300
23,1392500
9,598000
23,1419900
23,1300700
23,1178600
23,1240100
23,1266200
23,1283800
23,1361600
11,818500
23,1332300
23,979200
23,1267600
23,1253600
23,1365300
24,1244100
14,752300
18,1003800
24,1038700
13,817800
13,860500
24,1411900
8,602800
24,1091900
24,1271900
24,1273700
24,1293800
24,1632900
12,813200
24,1659100
10,696100
24,1492100
24,1646900
24,1316200
24,1423000
11,724400
24,1381800
24,1221200
21,1349500
24,1442600
24,1068700
16,994100
24,1429700
13,841400
24,1407400
24,1336200
24,1155100
24,1269600
17,1017900
24,1366200
14,928800
24,1382300
15,721500
24,1277000
24,1239700
14,914500
24,1273100
10,617600
24,1172700
24,1381600
24,1033100
24,886900
24,1344900
10,492500
24,1512200
25,1278200
25,1301000
18,1005700
24,1174900
25,1274900
25,1564300
25,1636700
25,1439100
24,1438800
25,1298900
12,772700
15,584200
24,1122900
25,966700
25,1226100
12,552000
25,1328500
25,1352200
19,745800
25,1187300
25,1264400
20,994600
25,1257300
14,962600
25,1367200
25,1314300
25,1234800
10,684700
25,1166000
25,1273700
25,1392300
25,1312500
25,1423500
25,1602600
25,1325600
25,1159500
25,1482300
9,601900
25,1116800
25,1266400
11,592300
25,1415100
20,1009100
25,1244400
11,457200
25,1278500
25,945300
19,1022800
25,1098000
20,1116800
25,1002600
25,1355800
10,784500
25,1420100
16,984000
25,1240600
25,1142200
20,1241700
25,1413800
19,1168300
25,1320400
11,791500
25,1436200
25,1161400
25,1002600
10,435800
17,599200
25,795000
25,805700
16,558800
25,1222200
25,993000
8,488900
26,980700
26,950000
26,1236600
12,839000
26,1364400
26,846300
26,857600
26,874600
17,608500
26,1578000
26,1091200
12,615400
23,822200
26,856400
26,848700
9,421600
26,859000
10,436400
26,1068700
15,826000
26,914100
22,737900
26,872500
26,902300
26,838100
26,847200
26,838100
26,880900
10,449200
19,666800
26,846800
26,1201900
26,847600
26,839400
26,922600
26,1153700
13,570000
26,849600
19,652700
26,855200
26,840700
27,885000
9,433600
19,873400
27,884600
27,912700
27,882400
27,917300
12,485400
27,883400
10,435900
16,615900
27,1080900
27,1048100
27,915000
26,1065200
27,876500
27,886500
27,885600
27,878300
13,506000
27,876300
10,428400
19,696800
27,882800
27,868500
27,930000
17,677600
27,903500
16,614100
26,869500
27,923600
10,446200
27,953800
27,1009100
16,588800
27,879700
27,868600
27,875100
20,927200
20,702400
27,899000
27,970700
27,896100
17,613400
27,888100
27,882400
27,936300
27,877000
27,1039300
27,920400
27,974300
27,891900
18,650400
27,889000
12,487500
17,606200
27,870500
27,871000
27,907100
27,869000
27,1015400
10,551200
27,873400
27,877300
28,889200
12,483300
28,897300
16,589100
28,906200
8,460800
28,969800
28,944800
28,971000
8,585900
18,706900
20,711700
28,940900
11,460600
28,949000
28,891000
28,890600
18,646400
28,884800
28,907900
9,408900
28,953800
28,1025400
8,378900
28,920200
20,718000
28,1015100
28,967800
28,917000
28,958300
28,925100
9,407400
13,509800
20,692900
28,1158100
28,898800
28,1088600
9,409600
28,945100
10,451900
12,475700
28,884300
9,410400
28,899500
18,639800
28,908300
11,459700
28,1059100
15,624800
28,912800
28,938000
11,465700
14,545000
16,596700
28,967800
8,390200
29,931400
29,915600
13,522500
29,920000
29,1007500
16,601600
29,946200
15,570500
29,915000
8,405900
10,425200
24,819300
29,996300
14,582300
29,922300
8,410200
29,933700
29,1093900
29,1006800
29,1033100
29,1005300
23,792400
29,930800
11,472900
23,768100
82,744500
82,712900
82,728000
90,1005000
27,1002200
82,741700
80,899100
9,436000
15,556500
83,752600
52,1568000
22,997800
46,1365400
13,559700
13,508700
83,1151300
83,771600
9,421200
49,1470500
83,743200
83,764800
23,757400
33,1041600
84,903300
117,1932800
76,565300
84,782400
9,423300
100,1224400
84,802400
40,1217700
12,550600
84,778600
9,412800
84,783300
71,432600
107,1456700
85,941900
85,823800
36,1108100
34,1146500
32,1058500
86,838800
198,568700
9,428000
158,1114000
43,1295600
77,668900
20,715500
26,852000
87,855100
11,468500
87,864900
84,772400
49,1443200
29,951500
87,860000
111,1574000
119,2033900
23,804800
37,1154900
12,497000
15,563900
88,903300
88,926100
48,1481100
88,905900
12,501900
22,852200
88,923000
94,1096600
20,726300
29,1037000
88,967500
15,616500
47,1469300
35,1208500
88,916000
123,2120800
89,948200
18,701900
89,1085100
15,596200
133,586400
17,683700
42,1353500
89,974400
223,1502800
17,771900
90,1140400
489,1887100
10,447100
86,852200
90,948500
8,393500
10,438200
15,601100
76,601400
59,2123200
14,590800
14,556700
90,1227000
198,785300
10,657800
30,1337300
91,1340400
408,1806500
14,739200
91,1318000
13,725600
13,690600
26,1211600
91,1420000
129,609900
117,2392100
86,1115000
92,1405900
34,1546400
595,1897000
92,1329100
92,1403900
15,729500
55,2275100
92,1391600
144,1016200
27,1232800
71,632800
14,714100
38,1651700
288,1979600
95,1601800
93,1458900
10,622600
21,1049100
135,737800
8,525800
86,1220000
70,585100
42,1857500
9,597700
62,261700
94,1507200
23,1121400
94,1600300
25,902100
70,421300
95,1103300
23,812100
95,1081700
96,1256700
249,329800
28,1093400
96,1120100
97,1182600
413,1423400
86,847600
97,1218800
29,1085200
89,1255100
99,1432700
17,640400
98,1385500
86,837000
98,1183600
10,441000
23,768300
98,1227300
13,507600
98,1301800
12,531200
99,1640300
101,1935800
100,1973500
100,1273200
54,2411500
19,957500
101,1383200
69,686800
14,748900
46,2236800
140,686800
9,426300
259,842000
202,759400
9,525600
115,2099500
13,526300
101,1366000
15,597900
58,1787600
10,442300
16,591900
102,1325200
66,313400
317,655800
102,1314200
433,1996100
158,1138700
28,905300
103,1398700
10,643300
15,831100
30,1257500
104,1715900
296,2161500
8,511500
11,607800
17,807800
105,1712800
17,630200
45,1346600
95,1260700
41,1513100
21,776400
43,1311000
52,1518800
11,466400
107,1383800
107,1452500
14,533300
108,1741600
26,894300
108,1389400
133,499600
11,470000
82,722500
15,588100
42,1258200
87,983900
10,541600
108,1611700
109,1446600
32,1007900
188,312300
33,1202300
108,1426800
20,698800
123,1866200
111,1540100
16,673000
25,824400
111,1498100
26,887000
111,1548600
112,1509400
22,792900
46,1361700
55,1881800
33,1062800
9,478600
43,1299500
112,1488800
113,1526500
19,663000
113,1585500
15,591900
20,832600
462,1154100
113,1568600
11,473800
113,1523400
105,1343900
11,460200
114,1561500
472,1490900
115,1612900
115,1572500
38,1179000
357,1854600
17,666500
77,601000
9,430600
64,252100
11,462300
12,483000
93,1506200
115,1666700
116,1612600
13,510300
89,922200
19,788300
22,739700
28,910700
118,1797600
118,2031600
32,994300
118,1681700
17,610700
118,1746900
42,1425400
31,992800
10,629600
118,1762600
13,506600
38,1171800
118,1687000
9,502500
43,1300900
232,1456700
17,614300
69,497600
14,603400
17,678200
32,1008200
10,430800
118,1733100
13,507900
99,1538700
16,572700
212,936100
129,346100
119,1748700
119,1835900
27,866500
257,513900
11,463900
27,868300
119,1702900
10,446700
184,1778900
120,1995600
35,1122100
80,670900
80,677200
35,1090400
120,1702600
10,428200
94,1264200
224,1299700
121,2104500
10,435900
57,1644700
232,1473600
121,1780200
18,659600
105,1365600
101,1811500
268,812000
8,376200
416,1594200
9,407600
138,603800
15,555800
94,1092700
30,954700
94,1084700
123,2134400
10,449300
91,951400
32,1029200
34,1056400
17,646700
123,1804100
75,552800
123,2099600
391,880600
19,685000
123,1779500
49,1434000
8,383700
124,224600
36,1097500
124,229300
55,1661200
17,672100
124,229000
125,318300
9,530800
36,1118400
13,508300
125,262900
126,310800
25,842200
171,1489700
126,304000
18,662700
32,1035800
8,381500
8,384400
10,434200
126,292700
305,1928900
126,294100
127,316700
127,309400
127,320200
35,1084300
10,445700
25,816100
91,962000
48,1410200
70,458300
128,327600
441,550100
11,464900
129,387800
8,596000
8,418100
129,451900
129,371900
107,1404300
129,366200
12,516100
123,1774900
29,932100
131,413600
127,308600
8,378400
11,463500
21,713700
65,278500
38,1450000
60,1749300
346,1240200
8,386200
13,534400
86,842900
132,442000
126,433900
107,1447500
132,441700
19,660500
152,1170300
133,464900
24,810700
133,469400
9,405400
11,461300
17,611700
42,1257100
10,431000
21,724300
135,519500
123,1803300
37,1259500
27,922800
198,580500
86,842300
42,1435800
39,1181300
8,380800
10,431700
136,555000
13,508400
93,1000300
14,542600
28,892800
29,1183800
136,540800
10,457000
62,193400
61,1762800
23,778400
137,573800
137,567400
24,806100
118,1780400
14,683800
214,1185400
35,1147600
69,400300
90,930200
27,878000
72,458000
139,631800
26,841300
88,870600
29,920700
140,647400
10,432100
110,1623400
140,721700
142,712300
52,1546400
278,1225600
95,1074300
9,403100
140,682800
82,733300
99,1157200
141,671400
51,1807000
25,835900
34,1054700
141,676100
8,375500
274,961800
11,458800
203,726100
62,196900
16,596700
143,745000
11,465300
92,976900
37,1619600
11,595300
97,1130300
9,414500
40,1301600
143,796900
36,1098600
15,583500
18,640800
90,936000
113,1643700
91,1155700
14,548300
144,795600
8,387100
9,407600
44,1314700
9,407800
144,952300
417,2060800
144,971300
22,1009100
144,1027100
10,552400
17,619500
48,1420400
86,836700
146,798300
167,1384300
134,486900
25,928000
145,790500
146,1031900
12,651000
137,610900
146,941800
199,615300
308,1850500
147,852800
10,437100
17,686000
31,984400
11,519300
148,907500
14,629700
152,962700
352,1466100
13,538100
13,504200
264,694900
237,1586600
29,935700
69,441400
108,1438700
10,510400
12,538900
166,1378800
148,868300
9,415500
26,843300
265,728600
65,282200
149,884400
93,1055300
103,1280800
411,1588500
74,632900
149,884800
87,849900
9,419700
12,492600
150,1135000
36,1132700
9,404000
14,529100
27,878500
122,1821300
143,815400
16,695600
19,686600
151,939800
77,611700
10,449300
41,1392700
32,1016000
151,931400
96,1093000
15,567900
151,934500
23,1080500
106,1353900
151,946300
11,471400
133,459800
152,945300
45,1336400
119,1684800
136,632300
12,510500
152,1199800
14,576800
82,735300
22,769300
73,491300
10,438500
88,866100
139,653400
35,1157600
126,279600
153,1148700
53,1523300
83,870500
15,706500
25,833200
114,1568000
12,499300
14,555600
154,1024400
110,1433000
9,400900
23,776000
154,1051400
99,1373800
255,504800
149,1019800
9,410400
38,1207100
155,1032700
69,424200
9,418700
40,1211700
12,491900
20,706200
35,1202300
40,1385000
15,585400
157,1092400
26,1037700
157,1085900
10,446600
157,1101300
24,788400
158,1309600
13,512900
158,1431100
9,418500
62,193400
35,1090500
90,946300
25,880100
158,1115000
250,341300
17,703600
130,392100
188,310800
21,718400
252,392700
24,798300
68,364100
17,924100
21,767000
208,863400
264,893400
8,460700
43,1481100
9,407100
41,1253000
63,230600
116,1606000
54,1800600
50,1471800
66,327400
10,434100
21,706200
201,662400
101,1216900
118,1670600
10,435400
111,1489900
29,1106800
136,558700
190,361700
231,1462700
26,841900
79,643300
10,471400
148,844100
42,1266900
145,798500
73,485500
157,1086200
41,1588100
14,551200
55,1622500
11,454600
101,1276600
42,1287600
260,609800
19,668500
254,441000
8,380000
146,807200
10,566400
49,1653300
47,1457800
214,990100
272,915900
272,963600
416,1485500
12,488600
19,689100
49,1747500
22,924000
27,1039100
276,1018700
35,1090700
279,1179000
385,688500
280,1117000
247,1843000
33,1302500
282,1412400
145,790100
283,1199700
13,528900
79,678600
8,392800
283,1583600
195,495800
12,491300
437,453900
348,1516600
13,523700
246,1895600
8,425200
16,589000
165,1328900
8,393000
35,1083300
284,1217400
308,2058900
49,1464700
54,1753800
12,564400
31,983400
129,394200
287,1287100
190,367300
290,1355600
74,490200
15,696200
291,1605900
152,974800
70,442600
67,347000
84,778900
38,1171600
278,1077200
31,974200
453,889900
13,552200
94,1046600
17,757100
20,737200
24,900500
185,1801500
8,380200
29,940800
90,934300
15,606300
173,1512800
83,749400
10,537300
70,547500
159,1138200
106,1359300
99,1299900
42,1309100
9,402700
476,1455700
194,555000
136,544900
156,1082100
55,1777400
11,509900
19,690400
39,1195900
139,659700
14,908000
41,1311400
8,388700
9,406000
14,540900
21,718700
308,2624400
35,1677700
104,1323800
196,519500
102,1258600
39,1178400
9,426900
9,498300
83,818300
38,1866800
303,2281700
9,537000
290,1429300
9,599700
12,549200
208,830100
287,1301200
145,856800
125,380200
12,556000
307,1847300
117,1627400
49,1436100
12,488000
355,1473500
34,1075200
30,1074000
383,735400
187,283800
85,884100
91,1143700
121,1727900
89,901200
363,1676400
30,966500
51,1525000
10,483300
19,714100
32,1012800
624,552800
123,1793700
9,406100
313,382800
23,804500
175,1566100
316,713900
272,1160000
32,1279000
10,435300
12,533000
204,758400
169,1384500
319,555000
319,542500
112,1518400
94,1023000
118,1655600
195,659800
204,881700
10,432000
13,523500
83,774600
47,1780300
24,1144800
320,828100
9,608500
68,500600
9,425600
424,1819300
425,2034500
314,432200
309,2036800
9,439800
22,951300
60,1732700
418,1668000
124,268900
63,327200
98,1174200
282,1269000
295,1517400
87,858500
227,1371800
48,1409700
19,672500
425,2112900
9,404500
123,1800400
391,828200
23,769800
69,388500
246,2021600
19,667100
263,671300
13,522800
46,2176800
87,912000
159,1479100
47,1726100
93,1043100
55,1601400
95,1369800
104,1711200
153,1000400
176,1660600
205,750900
8,384000
10,438500
370,1887400
111,1472400
432,2180100
84,770500
174,1519700
10,433300
258,541300
45,1337700
40,1344900
381,572500
429,1943400
21,767400
36,1115700
30,995800
8,393100
143,724100
117,1649900
231,1431900
29,917900
92,996000
32,1144100
297,1566000
44,1520700
141,920500
373,411100
32,1018300
225,1308100
54,1635000
10,439800
184,1933200
11,470700
33,1215000
25,875800
278,1113900
12,495200
113,1511600
13,517100
470,1403700
8,388800
144,1061600
8,417700
13,521300
368,1820900
127,318200
85,795900
43,1279700
12,477600
33,1023400
305,1775700
350,1518900
20,735800
74,514700
76,561100
367,1967800
9,446400
250,333600
20,698000
35,1069400
9,419600
357,1536800
145,862800
61,1877300
60,1724400
169,1405900
373,359300
10,436800
53,1533500
91,956900
538,1637100
64,324000
62,200300
445,650100
556,1982600
16,606400
39,1181700
85,831600
20,695500
20,696200
379,548200
200,629300
161,1231000
11,527000
104,1326600
336,989900
212,940700
76,570700
10,432800
76,665100
21,767300
517,934600
241,1672600
114,1760500
34,1097400
22,741200
308,2308500
27,890300
538,1480800
36,1116900
245,1986800
14,575600
99,14552400
112,1615200
9,407000
349,1325000
72,663700
46,1415200
258,600100
435,396600
60,1703600
244,1749600
315,452900
10,454900
29,916900
82,793600
95,1625000
29,934200
75,537700
57,2063300
16,650000
122,2178000
257,529200
17,608500
177,1737000
511,797000
21,718100
426,1776200
46,1368700
8,389200
308,1877600
257,613300
85,802400
40,1657200
12,498300
28,932700
204,729400
63,222300
8,394600
8,473600
18,743200
167,1642400
25,1145900
180,2583800
44,2088700
262,1019700
372,505300
106,2323000
99,1266600
42,1885200
189,549400
146,883800
240,1681900
47,1417500
14,572400
15,595400
36,1152500
14,556700
15,584800
29,1172800
13,560200
286,1692300
170,1760700
232,1691800
8,384400
79,677200
8,383600
493,1975800
14,543900
17,694200
29,971900
470,1321200
116,1624500
33,1055400
13,513000
221,1393500
57,1844100
271,1002400
55,1665500
136,569500
10,433300
289,1477100
223,1226500
64,247400
42,1289900
96,1108600
69,389800
61,1970700
17,620600
182,1821300
11,512500
241,1781900
188,357200
355,1494700
70,413700
92,1038800
9,433800
369,2034500
120,1764300
10,431300
126,279000
94,1055000
48,1441000
20,697100
133,467500
245,2342000
13,523900
217,1066500
438,541000
29,945300
309,1869000
72,455300
98,1216700
305,1760900
78,780400
122,1784400
11,460400
14,530700
269,855300
8,376600
12,522600
30,1266600
18,640800
26,856200
48,1432900
8,380000
21,938800
89,977700
140,646600
430,1845900
26,846400
276,1008500
8,376200
221,1403900
259,580000
31,977800
15,598900
29,1225200
115,1604400
221,1182200
295,1517600
76,609400
114,1558600
119,1695700
17,646100
34,1093600
21,729200
45,1340000
100,1179900
294,1521600
105,1464100
8,431600
10,422700
13,593900
107,1885800
341,1514700
64,313100
17,834600
38,1551900
128,438200
13,728700
168,1918400
24,843600
55,1899400
12,498700
20,700600
344,1300800
22,744500
22,748700
174,1590900
36,1116700
441,553200
266,760600
36,1267900
12,492700
172,1595300
74,517100
124,235500
33,1056900
115,1576000
10,434800
11,458800
42,1278900
351,1637100
35,1072500
9,422800
114,1534600
45,1338900
302,1688500
128,334500
110,1537100
69,386400
131,414200
32,1257300
193,602600
130,389100
65,280100
65,293300
369,1866100
17,665900
18,642400
260,598900
96,1084700
428,1788300
8,375600
338,1107100
10,528600
113,1619500
162,1209600
64,258800
18,684400
289,1377000
50,1488400
9,416400
39,1175800
88,1370100
101,1265700
20,768600
132,446500
12,483800
570,726000
431,1880800
8,381000
88,865900
406,1224500
208,1061600
15,767100
203,750300
18,649100
196,516300
101,1214200
397,993100
71,498200
420,1766000
76,564000
90,926300
73,567000
23,874500
238,1595400
37,1126500
141,669800
9,420600
15,568500
65,264400
185,1824200
338,1072200
12,491100
156,1266600
39,1273000
9,471300
18,651000
58,1673700
118,1663300
402,1217300
382,595700
222,1253000
235,1738000
312,403400
213,954900
41,1248400
177,1611700
387,761000
72,460000
12,501500
45,1511800
72,471000
21,847000
257,534700
443,608100
86,835600
383,657300
15,568700
387,722700
20,689600
180,1702000
89,918400
9,438400
337,1015000
9,419900
32,1180200
210,896900
18,641500
276,1021200
10,460100
11,557000
24,984200
147,835500
12,486300
325,711500
277,1025300
17,613900
56,1863900
10,440800
442,602500
19,676100
33,1037100
23,772900
334,944700
234,1489500
52,1519100
21,737800
85,967600
44,1369700
15,564700
254,463400
249,313100
19,680300
39,1181900
171,1456500
318,591600
94,1035300
16,592900
195,499400
207,1041000
248,297700
20,705200
202,771100
16,599000
22,754700
393,880400
368,1978200
161,1497700
188,316800
12,488100
31,974200
9,476500
199,870900
11,462300
12,530500
12,495700
17,615800
81,717400
337,1018900
82,715100
8,397700
16,594600
213,952500
150,924300
16,590100
29,1058200
299,1732200
86,865600
36,1119800
360,1652900
101,1745900
11,462700
291,1467100
8,393100
249,307300
12,519000
92,973800
83,775900
154,1014200
20,826800
51,1515200
79,639100
89,914400
69,398900
203,898400
14,607500
21,957200
31,1020600
54,1593100
356,1509600
25,826800
445,651300
266,749500
8,376000
99,1206200
124,232800
234,1634100
13,566700
73,496600
66,307100
62,188800
172,1474500
47,1489300
354,1437800
75,579200
51,1481300
212,985000
118,2136700
38,1146000
182,1716700
403,1200700
9,407500
10,432200
19,676200
85,793200
43,1314200
212,1320200
158,1143100
76,570300
8,390700
72,459600
101,1202500
19,689600
31,1025000
52,1521100
10,430800
21,743200
116,1771300
43,1280500
11,452300
362,1654800
33,1131900
13,526300
23,756100
84,780300
12,534200
36,1126500
93,1126900
14,679500
182,1762500
36,1104300
348,1364000
10,487400
13,506300
14,540500
87,851600
347,1276600
85,846600
57,2001700
235,1602800
37,1125000
114,1544100
8,374400
202,673400
17,618400
346,1306800
136,607500
332,901000
323,649700
322,625100
16,586600
234,1497100
12,495200
15,570400
16,582800
146,883000
205,776300
12,484200
282,1163800
381,812700
295,1545700
36,1360100
45,1342400
201,658500
9,413500
83,753000
25,825200
470,1300300
23,780800
454,1071500
8,382800
25,873000
31,1028400
332,927500
74,587600
35,1079500
178,1673500
8,385300
113,1641600
124,287300
9,416600
29,917500
154,1017600
253,411100
411,1401000
419,1557500
147,827000
270,878900
40,1297700
51,1725300
10,429900
249,304400
34,1054100
55,1591900
200,620700
11,465400
183,1753100
330,828800
66,305900
49,1532000
208,976400
171,1445600
40,1328200
246,1972900
19,808800
94,1022200
173,1512100
16,642100
244,2250400
13,513600
97,1094100
8,388300
128,337700
88,883100
498,457700
244,1806600
182,1816900
98,1502400
47,1421100
195,491900
179,1653100
52,1520400
9,406500
241,1688900
135,522000
75,536500
109,1730200
36,1109400
221,1203500
10,438400
13,523600
65,301500
126,278300
98,1245900
167,1329300
16,590300
20,702900
250,332600
13,532800
160,1384500
8,381100
11,465600
117,1615800
15,569500
106,1329400
112,1496800
177,1634200
101,1351600
141,737900
8,386500
10,479200
26,1146000
215,1006700
232,1443200
229,1374700
229,1370100
238,1927300
29,942300
137,774300
14,628100
24,808800
162,1203300
252,386700
13,508800
98,1134500
157,1097800
10,496800
70,595000
101,1480300
36,1095300
9,431500
228,1342500
61,1749700
37,1144800
11,476000
219,1100300
202,1014200
452,852400
47,1409100
195,494400
48,1427100
164,1416400
9,409300
115,1564900
225,1259900
44,1888700
241,1922700
286,1257700
440,571300
224,1283300
15,558900
20,692900
59,1690700
8,409700
223,1619900
10,543700
165,1288900
187,286000
36,1100000
222,1187800
45,1331600
173,1508600
15,572500
19,827600
220,1195900
184,1819600
14,563600
141,664500
219,1110400
89,897700
13,626500
147,837700
66,309800
8,380000
218,1188700
20,774800
26,860500
90,920200
14,542100
20,715300
48,1433900
105,1332200
106,1352200
19,668600
209,858300
31,1103500
28,899400
139,676200
259,603700
216,1228800
15,566000
216,1041900
216,1093600
13,503800
21,1088600
52,1995400
9,449400
197,545700
142,691200
87,850700
9,406700
10,431800
92,1004400
27,885200
175,1602100
17,616000
118,2027400
9,423500
153,1027000
164,1262000
23,776900
160,1234300
56,1633900
14,545000
93,995400
111,1686400
38,1202200
13,515200
23,776300
116,1752300
92,1027100
147,827000
34,1085800
22,750200
101,1497000
101,1314900
214,983000
74,542500
214,1222000
98,1118400
122,1768700
11,456800
74,522000
65,279800
46,1476200
16,825200
174,1529700
8,374500
9,405800
663,1580500
184,1797700
241,1689400
18,640800
216,1155400
36,1111600
8,383900
9,414300
36,1143100
212,941000
104,1444200
11,486600
16,587300
74,532600
83,769500
115,1808300
16,646000
144,847900
195,571400
212,955000
140,703200
36,1118700
319,550800
13,508400
27,877100
44,1309400
81,699800
11,602300
18,678600
134,493400
63,249100
206,1079800
197,585800
350,1355200
211,910800
115,1577200
256,566100
182,1796300
303,2074200
208,976400
29,945300
159,1247700
77,723200
11,468500
205,799200
9,434100
14,682300
24,993900
205,868100
9,521600
132,522900
226,1314100
32,1035500
125,279100
181,1688300
203,702700
450,775900
20,699700
32,1061100
203,688300
200,797200
200,629100
17,622700
82,775600
87,847800
69,384900
180,1773500
14,570500
185,1794200
311,335900
63,226800
10,432400
35,1128400
70,433000
150,965900
188,326500
13,592400
65,287300
198,606500
138,598800
105,1299700
14,542400
196,566700
28,885700
188,305800
181,1702800
10,445000
240,2059400
39,1168500
19,664600
200,624200
22,738000
45,1339700
103,1243900
18,645000
80,659400
80,653100
99,1398400
195,490800
193,504600
113,1549100
26,852300
188,371800
26,1203900
64,274900
193,447900
17,699400
127,325800
103,1317600
97,1330200
114,1602900
146,803600
193,504000
38,1175900
86,834700
50,1455800
37,1147700
46,1561300
149,905700
10,437000
326,888600
65,310800
9,403900
16,610800
60,2426100
58,1670400
57,1857700
248,286100
254,450300
136,561600
65,302100
29,970400
188,307400
23,780500
42,1290600
192,427600
79,668700
77,611200
258,665300
66,347000
43,1465600
174,1572000
189,344800
12,505000
32,1023600
47,1475200
14,544500
21,728600
36,1132900
98,1121300
161,1279700
34,1236200
8,490400
31,1016900
138,702900
10,613200
13,733700
83,1057700
361,1693300
188,309300
61,1781600
9,463800
33,1123200
293,1467300
37,1174600
281,1128300
9,409500
230,1375700
184,1818400
14,570900
198,777500
184,1855600
16,583200
454,889100
32,993100
182,1803400
11,501700
106,1366000
31,1021900
16,659300
53,1575000
87,900900
94,1052900
297,1584700
11,604800
44,1994300
8,540700
33,1208000
176,2019100
94,1042700
49,1452700
18,644100
45,1352800
176,1618500
15,579000
175,1825500
8,382400
17,619900
161,1390500
10,442400
175,1605300
8,372300
63,234400
12,585900
102,1244500
143,727100
17,625200
456,1227900
174,1631500
117,1671400
302,1745000
10,452000
174,1592500
133,500000
253,419900
23,899400
51,1799800
429,2191600
123,1825100
16,598200
34,1052900
28,933500
156,1117400
14,909200
162,1282500
205,905800
75,537400
470,1498600
47,1662500
172,1630700
10,440100
17,614700
31,1043200
9,401600
10,423000
96,1199800
8,392500
303,2238300
100,1197400
8,397700
35,1105900
45,1330900
253,421500
232,1778000
120,1735100
171,1447900
107,1372100
149,1051800
171,1446500
8,407500
135,519100
170,1606200
8,381200
114,1565800
523,1141300
96,1085300
26,970600
66,311600
46,1361300
9,406300
109,1466800
42,1534400
108,1403000
44,1369900
80,664900
499,470500
174,1566000
170,1421600
93,989800
72,652800
105,1410400
170,1766200
13,511100
170,1480500
9,407000
169,1401600
258,547300
12,491300
13,537300
21,711500
159,1401400
165,1345700
62,196400
10,432700
56,1641500
87,853200
39,1195500
35,1129900
44,1471800
160,1419500
14,537000
26,852500
28,891500
67,335200
233,1557800
354,1457200
64,252600
81,699400
81,692000
177,1670400
71,594800
47,1459400
58,1677600
81,848700
81,748400
11,458400
52,1532600
22,757400
81,701600
11,569100
16,666700
50,1466500
81,713800
81,704800
81,692200
80,685400
45,1398700
75,550600
54,1564200
8,392300
80,707900
30,1145700
80,675300
15,557400
185,1828700
80,709500
18,649400
213,971400
80,674800
11,457600
70,407300
8,382100
263,686900
80,729300
62,207100
80,876600
16,599600
23,767500
80,674200
55,1936800
35,1178900
29,964200
79,656700
107,1363000
79,828800
23,851000
53,1545800
79,663400
47,1384300
79,672900
12,493800
52,1510500
11,458300
79,640500
67,324600
14,544300
16,674400
20,871300
79,649700
45,1608800
32,999300
254,438200
78,659300
46,1405500
76,603500
39,1173000
14,532100
15,568000
78,781400
20,705000
285,1253000
78,633900
78,619300
78,615100
46,1362100
9,402100
24,1040400
78,614900
78,686200
8,523200
49,1680500
77,595200
15,590000
76,567800
76,584000
24,789200
76,563700
8,421700
38,1220500
13,554400
14,545100
97,1094100
76,619000
12,546300
23,923600
58,1686100
48,1406600
8,526500
15,823800
33,1026300
32,998500
9,415800
90,928400
76,733600
45,1382200
45,1418900
10,435300
76,556800
76,573300
53,1559600
45,1382100
73,487000
76,569800
62,191900
10,429600
22,962200
49,1612700
28,915700
76,569300
94,1040300
72,460100
75,541600
14,533300
15,565800
153,977500
75,566200
10,444000
37,1203500
75,580200
197,536400
34,1113500
75,552100
9,401000
10,464300
75,539000
23,777400
99,1185100
69,445700
75,562600
19,709700
250,350100
75,541000
21,843400
29,994200
88,874100
67,337500
75,571900
155,1249100
74,524500
12,487300
15,557000
74,516600
15,573300
257,515400
69,419800
74,509900
8,382400
74,512000
9,443500
13,802200
152,977200
74,517300
20,714400
74,577200
73,525700
24,801700
73,487300
30,936500
10,431000
17,619500
26,839100
73,489000
49,1947200
41,1306700
73,492400
20,697400
53,1584100
28,947400
73,490900
73,504000
84,783000
73,489500
78,616500
72,574700
50,1739700
37,1140900
72,470100
71,444300
20,688900
71,435900
16,591600
71,438200
71,431800
13,505900
20,701900
173,1568600
52,1864800
43,1374900
91,985100
71,437400
20,696200
152,1031900
71,622900
70,499400
70,414700
12,498400
70,407600
88,876800
70,505500
15,567200
42,1493100
70,411500
70,433600
52,1512300
69,401400
13,507400
40,1228900
16,620500
69,383100
51,1518000
27,884100
69,384000
69,489800
26,1066500
69,520000
28,962900
114,1563300
61,1732600
69,382500
13,505900
49,1429300
12,494100
23,777300
68,477200
12,509100
26,915100
68,379000
68,363100
68,361500
41,1260200
13,509400
68,360200
10,437900
15,607200
68,402700
68,373300
12,521800
101,1240500
68,360400
68,364300
8,376000
11,697200
81,767600
68,360000
241,1704100
68,359400
154,1008900
68,364000
89,917000
67,333000
67,329200
8,388000
294,1736500
67,348600
12,482300
67,380200
323,1002200
63,251400
11,607300
67,336100
67,332500
121,1885800
41,1243300
52,1525300
67,331700
14,579600
67,332900
26,1165400
67,336600
10,436900
66,302200
66,339500
192,418700
44,1314900
15,561700
58,1692300
53,1544000
22,836800
43,1338300
66,372600
66,393000
53,1551400
66,308700
63,227800
19,660900
29,924800
65,281700
32,991200
65,299000
119,1690900
170,1520200
37,1306300
11,466500
65,281900
32,1017500
65,281500
17,611000
36,1236200
19,830800
65,341400
26,1159000
215,1360200
65,355100
8,494800
24,1084500
28,1204800
65,369200
65,357000
8,494800
35,1562400
65,394200
102,1402100
65,281800
20,693500
64,256600
64,258600
9,453500
15,563600
32,1161100
19,1134700
64,261100
64,251100
14,560900
149,907300
64,253000
64,250900
9,417900
64,254100
63,240500
132,497200
63,231100
63,224900
15,571700
63,233300
11,489500
46,1382800
44,1304300
12,552700
20,773600
151,943400
103,1268600
63,229600
26,851200
111,1715000
38,1164300
53,1556700
87,1011600
50,1685800
192,433700
62,194300
62,195200
62,193200
20,690600
62,193600
36,1111000
62,188500
16,664600
241,1674300
62,194800
53,1538000
62,195400
184,2514700
51,1585400
62,200700
15,623600
61,1773900
61,1818800
106,1380900
61,2050900
25,944800
32,1009400
61,1785300
12,483900
57,2249400
60,2302400
38,1551000
60,2745000
13,689900
60,2094900
11,473500
60,2129900
37,1393100
60,1983000
185,1825400
32,1006500
60,1756600
35,1451500
10,517100
60,1761600
14,570000
15,613300
39,1245300
13,530500
27,986100
38,1178700
9,431300
59,2178900
8,424900
46,1465900
8,450000
31,990900
59,1682800
297,1557400
59,1685800
59,1984200
11,461000
59,1724200
16,593800
250,351300
43,1388300
28,915600
59,1727300
30,942500
52,1762200
59,1728400
36,1098600
27,875700
59,1699900
33,1101100
59,1681500
59,2070800
99,1174900
46,1368100
72,463200
37,1112500
31,987100
32,993800
21,721100
59,1755200
59,1937700
43,1303200
186,321700
76,574200
59,1746900
17,790400
59,1999500
8,380800
26,951600
58,1955900
53,1528700
10,443500
22,736900
24,785000
27,880800
81,739400
32,1034600
58,1803500
20,750900
56,1822400
58,1699400
30,950000
17,637200
107,30326300
62,197600
58,1797500
58,1714600
9,472700
12,489900
174,1844400
57,1624200
57,1972600
8,585900
57,1904900
8,397100
9,410700
35,1086200
57,1637300
19,697700
57,1998400
57,1773900
35,1163300
57,1692300
12,482400
57,1671900
173,1514900
60,1850500
37,1177700
10,531600
56,1661600
10,435100
12,483800
45,1353200
56,1628800
49,1420900
10,447700
42,1282200
30,1076700
13,506500
56,1654200
10,436600
56,1789200
27,866300
83,751700
56,1620700
143,723000
56,1890400
56,1732200
45,1354300
30,955500
55,1625000
157,1083900
55,1610600
163,1606800
51,1495200
55,1683000
55,1593800
29,995200
55,1610000
9,410200
98,1357000
38,1164800
285,1319900
55,1600700
10,454700
55,1812400
11,454900
22,758700
54,1575400
33,1170500
70,410300
32,1098900
54,1620900
54,1590900
54,1601900
54,1576700
14,600500
29,966100
29,929300
38,1516000
54,1579700
24,792700
49,1447900
35,1071500
62,194500
54,1717700
54,1646600
54,1578400
49,1491100
54,1560400
273,1067700
54,1609300
53,1783100
53,1529700
21,727900
53,1559200
12,480400
43,1346600
8,647800
12,581700
40,1470000
50,1711800
26,928700
57,1634400
53,1631900
53,1543500
8,380000
52,1535500
52,1728200
27,884100
46,1391400
10,439400
53,1566600
52,1517900
56,1739600
52,1594100
8,487000
288,1334100
52,1498100
48,1444400
20,690500
110,1480100
52,1569700
76,581200
53,1871000
46,1415600
94,1317600
79,676800
52,1531300
52,2040800
173,1637500
52,1529900
15,568800
23,782600
25,840100
52,1544700
17,619400
46,1356500
52,1702200
48,1857500
52,1509700
52,1500700
45,1336400
11,472600
32,998100
86,847100
41,1239300
52,1793200
37,1129100
52,1522300
46,1594000
29,1311300
52,2465400
52,1748800
51,1525400
24,788500
29,934000
13,526200
19,665700
51,1492000
13,506800
51,1501800
51,1910400
9,431400
51,1490500
231,1466300
30,938800
27,898900
46,1374400
51,1475800
89,1178000
51,1484100
32,1012700
10,426100
15,577500
19,687900
26,843500
51,1635900
145,775200
51,1499400
9,616900
51,1801300
11,467300
45,1371100
18,642800
51,1497900
15,573200
93,1004700
51,1498100
32,1301500
17,612800
51,1629700
51,1468700
10,457700
36,1099700
51,1486700
50,1519900
176,1653200
32,1252600
50,1502400
14,533300
17,606600
92,1035700
31,966200
32,1006200
50,1688300
176,1762900
51,1858500
50,1506400
20,728200
195,489500
50,1487500
313,398600
50,1477200
50,1689900
62,207200
41,1261300
38,1522100
183,1873300
32,1252300
50,1464400
11,472500
50,2041400
470,1300400
58,1687800
50,1480700
12,506600
15,557200
42,1265400
14,536700
50,2056600
19,705700
39,1169900
15,565100
24,871900
33,1037500
50,1528600
9,405700
14,545800
50,1796200
22,782800
265,991000
50,1497300
50,1470200
195,486000
50,1576600
259,560100
50,1495700
49,1446200
8,455000
170,1489000
46,1363700
139,626600
89,930200
49,1431700
47,1399400
49,1433900
49,1558700
255,513600
49,1639800
62,193100
66,333400
49,1621900
49,1660700
31,975400
49,1431700
125,258900
44,1368300
49,1442600
37,1129800
190,357500
49,1486600
10,426700
49,1441900
60,1883800
41,1556600
49,1486800
49,1495300
9,406700
49,1437400
48,1402700
29,979800
68,356900
65,279900
48,1620400
350,1347600
62,197200
34,1047600
48,1604100
48,1402100
166,1297800
48,1422500
21,801100
31,996600
48,1420800
48,1444100
122,1779100
48,1393700
67,331000
48,1437600
13,507600
48,1870700
11,467400
13,563200
21,711200
221,1183900
30,966700
8,385900
228,1351700
48,1421000
48,1805600
48,1459800
86,850100
47,1413800
9,474400
294,1576900
47,1374800
28,895500
47,1961100
9,424600
95,1078700
47,1398000
47,1389100
66,306900
47,1488200
14,527700
47,2189700
24,1084500
47,1704700
149,870100
47,1391000
15,561600
47,1391600
562,626300
47,1397600
12,597000
46,1391700
51,1479600
46,1376000
9,447500
46,1956900
46,1647000
27,882100
37,1263000
40,1239100
46,1364600
15,574200
21,708100
46,1369200
33,1036300
46,1372900
46,1425800
46,1463700
14,555000
22,754200
37,1221500
41,1239400
46,1342300
12,499300
17,621600
22,741300
32,1002000
11,644300
45,1409600
45,1335500
31,977500
45,1366800
264,693400
45,1340700
45,1432700
45,1633200
102,1254800
41,1244600
72,474200
45,1345100
19,669800
38,1146400
44,1359300
45,1451500
45,1341300
12,514400
13,505600
45,1343300
38,1211300
26,1146600
44,1304100
10,482700
44,1315600
9,437600
44,1521300
29,944000
44,1303800
34,1064100
25,843400
54,1574200
44,1345200
36,1097400
14,680900
113,1691200
44,1294300
44,1382400
126,331500
44,1317300
44,1317300
22,735000
44,1297100
26,1150300
27,885900
43,1275900
16,596200
33,1059600
43,1298300
9,401100
173,1637800
43,1354200
10,529000
43,1365200
43,1301200
20,678800
43,1278400
31,1011900
321,596900
61,1744500
43,1511300
258,639300
43,1278600
10,442300
15,688200
43,1415400
9,406200
31,957900
28,912100
43,1329600
30,992700
43,1429900
20,768600
42,1872800
10,630100
10,441300
15,615900
24,954800
42,1263600
15,559800
208,887900
42,1480100
42,1273000
42,1272600
15,558800
42,1258500
162,1261800
42,1260200
42,1284400
10,436700
19,721000
60,1841200
42,1248200
44,1414100
42,1260200
32,996700
42,1262800
125,256400
42,1262700
93,1240400
42,1281200
8,381500
32,1005700
42,1274100
38,1228900
42,1264200
41,1225600
41,1362000
16,712800
20,736600
54,1585100
41,1251100
41,1253900
12,529100
34,1047100
58,1647600
168,1706300
41,1286500
41,1349500
41,1244100
63,225800
36,1147800
135,628900
35,1261600
33,1031500
41,1352700
31,1041500
12,481600
41,1233900
41,1222800
9,406600
10,444000
41,1239500
19,718300
21,712300
211,900100
31,1004400
41,1376100
60,1922600
31,971100
9,406500
20,698800
41,1245800
68,361100
40,1271000
43,1280800
40,1381700
113,1531700
220,1185000
40,1193800
40,1234600
29,915100
40,1353100
40,1344500
40,1250400
13,535800
30,983800
37,1155200
35,1061900
17,619300
40,1199100
15,564100
40,1256500
40,1346200
68,360700
33,1050800
132,437200
40,1200800
19,831700
40,1328700
40,1310900
40,1218100
40,1200900
27,1173900
71,434700
40,1464400
40,1252200
40,1196600
29,1209700
39,1241200
33,1040100
39,1293000
39,1370000
13,554900
39,1203400
9,405400
85,823400
59,1682100
39,1174700
154,1207300
39,1171900
44,1386700
39,1215900
39,1187400
9,429100
11,467000
39,1218100
41,1479700
39,1251100
39,1414400
39,1218300
21,737500
188,321800
39,1173300
39,1200400
25,803900
57,1639800
39,1182200
39,1256300
86,941400
39,1241200
57,1750600
226,1298200
38,1158300
14,534600
58,1660700
38,1184800
33,1108700
180,1682700
38,1157500
32,1014100
10,432500
13,515800
577,940400
138,596400
38,1167300
38,1383300
38,1345000
38,1159300
38,1166800
16,587300
38,1151000
44,1388000
38,1237200
38,1211500
57,1963000
38,1196000
16,582200
38,1160800
30,1054500
22,742700
38,1150700
148,835400
38,1192900
8,421800
14,700600
38,1164700
38,1170400
38,1144200
15,568800
30,941500
8,377200
24,796200
84,813100
38,1149300
38,1433800
37,1298200
10,428000
25,817900
42,1289600
37,1381700
10,430900
37,1134900
37,1144600
8,435400
10,431500
12,730700
72,473700
33,1047800
8,378700
39,1213300
37,1115800
39,1209100
37,1194100
31,1181200
57,1811900
37,1197200
10,452300
169,1389600
35,1088500
112,1495700
37,1107400
37,1151000
37,1131400
37,1330700
37,1135500
37,1307200
36,1109900
16,579300
149,888500
36,1097000
36,1139500
12,487900
20,685800
36,1198600
16,809900
36,1131900
36,1127100
36,1098100
36,1105600
36,1100200
36,1233300
16,609200
36,1107400
140,867700
36,1154400
389,778500
36,1108200
51,1517400
36,1109000
35,1065700
15,594700
16,580500
35,1077800
20,981100
29,912200
35,1096500
34,1480600
35,1090600
35,1083700
21,720900
71,435800
35,1076000
60,2053900
35,1132300
120,1736400
35,1076900
35,1076800
12,485300
20,710700
300,1622800
35,1344500
390,964500
35,1097300
35,1067500
264,703000
31,983500
15,555400
16,690300
138,593800
35,1126100
35,1075200
35,1177600
979,2387500
35,1085300
14,537900
32,1115000
59,1711500
34,1059100
24,833400
299,1772000
30,961500
34,1302200
11,464200
34,1193400
11,464200
34,1068000
34,1039900
34,1050800
34,1033500
15,722400
19,764400
22,789100
24,799600
34,1042000
34,1076500
24,788300
333,1009600
34,1041200
14,573700
34,1106600
34,1319800
124,226100
34,1074700
13,509500
45,1372900
34,1044300
45,1482000
34,1094300
14,738700
34,1422600
34,1428200
151,1281700
34,1436700
59,2442700
33,1284700
10,443500
33,1086800
36,1279200
33,1040200
33,1115000
33,1038500
159,1131800
33,1032700
10,437900
91,974900
55,1642200
33,1248200
160,1216900
33,1029900
21,716700
33,1054300
33,1038000
33,1026200
33,1063200
33,1320000
33,1214500
8,496500
227,1318800
32,1175400
33,1271500
33,1212000
137,717400
54,1983900
33,1307600
33,1266300
11,817400
34,1359800
32,1271000
32,1160300
10,445700
32,1049400
32,1390100
10,490300
14,548100
25,1196600
32,1005300
40,1531000
32,1018800
32,1044200
15,580900
32,1113100
32,1064600
166,1679900
32,1020300
24,811300
51,1521800
32,1026400
11,452400
81,706100
66,314000
32,1198800
32,996900
11,627700
27,921800
94,1062400
30,974200
326,754500
32,1070700
32,1098200
32,1118700
32,1008000
31,1106100
31,1036500
31,1007300
31,974000
113,1535500
31,989600
8,376000
314,427700
31,989500
66,307000
31,973800
31,1060900
18,694700
31,981500
72,563000
36,1143400
198,574300
31,1058100
16,585400
47,1454700
31,970800
31,1010000
31,1241200
12,485900
31,997300
9,434500
26,858300
31,975800
21,723000
121,1723000
31,1144200
31,1006500
31,1379500
31,1010400
30,951100
10,440100
30,981400
43,1281700
30,942800
18,642200
76,578500
30,955700
149,873800
110,1896700
30,965800
17,622500
30,1123600
30,985500
12,503800
153,981800
30,944900
188,306800
30,959400
9,408700
50,1948600
191,422800
31,971100
34,1055900
30,958000
30,948400
10,427900
30,944500
27,855700
30,951100
67,332500
30,1304400
20,776100
183,1805400
30,944900
224,1249300
29,913400
8,394300
25,844600
29,921200
23,773000
29,1150700
17,627300
35,1100800
29,929700
22,734700
315,437000
29,1155600
194,461500
53,1526400
29,915800
63,224700
29,1134400
