32201
14265325
75167579700
0
1646,3577275500
15662,16329500
902,13313800
633,3864300
2880,12437600
2841,9054700
1228,6758900
1268,7025200
4805,6244200
1316,8430000
1052,1157800
7317,6760300
1103,2720800
590,2277600
1199,5309800
1001,14583200
842,9649700
6596,16208700
617,3069000
738,6361100
797,8186200
939,12361800
2745,6241300
2292,9063600
4190,3636500
664,4884100
761,8207200
3415,11438300
3124,3319300
801,9481200
12423,7072600
3084,1228000
3415,12740800
1589,2216300
1012,16356900
635,4384600
1745,84057300
9416,7625200
1249,7147900
821,8501000
857,9856800
7476,10820000
987,14733400
511,166200
2370,9526800
1024,224700
10373,5936900
2195,4945300
1265,6723200
12552,11762900
587,2249500
3737,5503800
3402,10418300
13575,9918800
10579,12696900
3979,13724700
1532,253100
1161,4164800
950,12625300
19066,8620800
3523,14633200
582,2154500
11573,11412100
626,3471000
8034,13828300
3517,13331200
8120,15467200
1785,8289000
1273,9100400
766,8368300
677,5048000
4084,556100
8352,6950100
10361,6734000
10257,3953600
516,237600
653,4542900
4115,1921400
2270,7557500
14468,7099800
15821,1755100
4343,8103000
865,11144400
883,11992100
1104,3200000
644,4011500
3793,6986600
4333,7997900
2493,14894600
3397,10471700
3139,2732100
14109,11526400
806,9430700
1437,12860500
1395,11629700
3354,9360600
771,8679700
3645,2652900
8962,11170000
1220,6560100
1455,13144900
2550,250300
9634,13990700
913,12240500
957,13969400
2727,5852600
9152,15136700
710,5478200
1873,9996000
10774,2923200
8066,12661400
629,3531500
1156,4068800
1141,4145900
673,4743200
6041,13106500
3808,7950000
6345,8372100
3514,15408500
1097,2580800
2765,6692100
1734,6142200
655,5094700
1434,13651500
13934,6241900
800,8871200
2229,6453500
10932,9164600
1517,15668600
1022,197000
641,4563700
2276,7571000
721,6084400
5894,9495600
14451,7011400
1301,8659300
587,2589500
16801,17076400
5079,15073300
13432,6593500
1334,9839000
1458,14054000
1661,4101500
1303,9686000
17309,16233300
10951,8435500
548,1342800
871,11051800
13307,2460400
13934,5904700
4247,4923600
608,2854800
554,1545100
4170,3320500
1429,12390100
3273,6111200
1007,13892200
10634,12848300
2087,1501400
535,741400
1204,5300900
1334,9436500
2360,9104500
6792,5246600
4442,10519600
14292,1574400
1347,9553600
14583,9566000
901,10782300
510,67000
2190,4350000
524,432700
958,12313900
6729,3573700
7063,12555200
3237,5955500
1359,10063800
893,11374500
9012,10281100
1083,3056500
1065,1591800
603,2526300
533,766800
4327,7624400
3613,1649100
697,5316400
522,456500
2166,3899600
1234,5922600
11241,1557700
565,1617800
727,6113800
3252,5519800
5346,7700600
13759,14436300
2851,8645200
1507,13659300
15372,3188000
2373,9081400
1281,7647100
1601,2046400
4877,8540600
9015,10526700
1541,616500
2930,11118400
6938,9149900
2092,1676000
3139,2478300
793,73062100
2568,699900
678,4475200
1846,8892700
684,4751100
2580,1025700
2619,2020400
8014,10357600
1229,6339200
7006,11250000
3291,6808100
16396,3671300
6508,11254500
666,4499300
2370,9626500
6586,13307200
3332,7819100
716,5690900
10178,14270300
4373,8567900
974,13481400
1192,5038900
14229,14831800
806,8859800
3500,13117600
925,11361900
5264,5156500
4721,4308200
656,4209100
2518,13797100
3284,7355100
4277,6557000
5181,2841100
1025,229700
14741,13579800
906,11576300
1217,5700700
661,4625100
680,4806600
8329,6297600
978,13464000
732,6690100
1037,573300
1708,4939100
5588,15159400
3636,2213800
1712,5310500
1969,12564800
4622,1303600
1577,1451300
2232,5304500
3539,13400000
1521,21673700
543,1003000
547,1390300
1276,7667000
761,7459900
1060,1349700
645,3981200
1304,8531800
643,3786500
711,5454300
4879,8312200
1795,7613300
3862,8892600
705,6026700
1472,12827300
12565,13251200
545,1388200
639,5238600
4798,6569000
14433,5684200
923,12244900
7641,15286500
1624,2876100
944,13468500
711,7417000
861,10775500
1423,12211400
4503,12686900
588,3037200
1920,12178700
12676,14525200
8791,6738500
861,10174100
1384,12479000
1608,2906900
777,7886600
2543,15254900
872,11181600
1248,6687000
1150,5376600
686,7751700
2945,12908200
2793,7185100
7012,11298900
767,7260400
1052,1184000
1064,1377800
869,10288600
738,6667600
738,7383400
569,1921600
1208,5601000
2529,14507400
1453,12454500
16060,8641500
718,9280200
2777,6865800
2487,13504000
1270,7195100
988,13746400
4746,4835700
641,3627000
3143,2627400
4156,2442000
1716,5197700
874,9951600
663,4176700
620,3326200
2500,19798800
2034,13802600
1918,10700400
2511,13018400
2663,3280800
7294,4989500
15203,12200900
852,10309600
624,3680000
3913,10500900
697,5323600
1086,2126500
2942,11504200
2507,13316000
1795,7960100
702,5376300
1104,2691800
2447,12676700
4958,10730600
968,13816400
1829,8421000
2102,1820700
5535,12957400
3363,9492700
839,9275000
4994,12189300
752,6773600
1131,3432500
909,11023800
4808,6879200
1948,12170500
832,9513100
1758,6563000
1269,7146100
3417,10066700
1370,9994300
2258,6532000
1887,10280400
629,4169800
1061,1280400
600,2540600
511,103300
3551,13837800
6204,2778800
3484,11900100
5401,8454700
3485,267706500
4455,11110300
704,5591500
7643,14902300
549,1419900
620,3440000
5831,7164700
2104,2172800
821,8932400
1049,898600
517,269700
3981,11772600
730,6107400
1290,8099400
1152,3673000
2589,1537600
2451,11508900
661,4373500
1209,5464400
639,4043200
1237,6102200
908,11325000
556,1333500
2009,13779400
4440,10722600
976,12847000
5744,4355000
600,2753200
1311,8128800
2819,7862800
516,217500
804,8301600
554,1272500
4729,4203000
3933,11098300
829,8869300
1197,5001500
1059,1147900
631,3361900
4399,9412900
1141,3380000
773,7664800
615,2864400
3773,5829500
1545,634300
1096,2506000
14372,4226500
3368,9466100
3851,8369900
617,4976700
668,4625400
3830,7597600
1824,8266200
588,2196000
6009,11249500
1088,2727700
522,458100
2389,10030600
1104,2467300
3021,14092400
891,10903600
2069,1182500
523,446700
581,2111400
4185,3400800
916,12319200
3107,1872100
1481,13763100
4235,5419400
9260,3045900
6467,13540100
2004,13859400
7987,10269200
2454,11863800
996,14171600
4870,9934600
1406,15926700
2888,10086900
4241,6239400
687,5361100
2025,16822100
1880,10620400
4074,14249300
599,2816900
1940,11982600
2074,1148800
3229,5843800
1211,5822400
5302,6519200
871,10005900
1361,9587100
2717,5084000
3478,11597000
1314,8048600
543,1011100
771,7157800
1094,2031400
9145,14249500
2268,7800700
723,6226500
2120,2566900
1263,7534300
6524,11846100
957,12110200
1756,6278500
8714,1849600
1336,8625300
561,1616200
2781,6688700
807,8779800
921,11009700
12368,4956700
6108,14115900
2018,13511300
964,14634900
7727,3196700
4946,10825200
7996,11253300
1437,12000200
5836,6770700
941,12241800
1213,5477100
837,9687400
3756,5392400
1788,8248100
1933,11828800
4405,9666800
3878,8798100
1071,1744200
6803,5160700
1824,8539100
869,10461000
884,10805300
895,10935700
1021,127700
2774,6743600
892,11502900
649,3894400
1080,1873400
768,8481900
8943,8736800
545,1252400
1020,128400
1483,12867300
6561,12445900
1123,2854900
1064,1399700
6393,8460200
1555,871600
1647,3301400
1554,796600
739,6430000
1087,2091100
651,4442600
930,12061700
2944,73176000
1488,13642800
1245,6900000
1084,1824500
1439,11446700
1990,13400700
7656,822400
3314,7276300
749,6497300
2164,3560600
557,1320900
3406,9942600
7520,11168300
3253,5874600
1369,9825200
5440,9976000
623,3049400
1913,11384700
1127,3017500
570,1725700
698,5368200
969,12787100
677,5106300
1598,2422100
534,758900
598,2895700
676,5006800
567,1886300
702,5501800
1223,6412100
2227,6287600
1359,9592500
1617,2765300
674,4637200
11323,4240200
1018,15035000
611,4629900
1781,7566700
1995,13902700
955,13100500
7089,13520900
1141,3885400
724,6851800
2198,4748200
1483,12976600
2680,4043800
892,10587700
11890,5897000
13350,4332600
1601,2384500
13138,11872200
4310,6396300
893,10662500
790,8069700
638,4607400
2981,12270400
1769,7607600
743,6500900
1083,2277300
547,1129300
11975,7866800
1394,10685000
10624,13145600
3204,4380800
2156,3336900
873,10465600
1460,12899600
4905,9208100
684,5234100
605,3060100
1417,12123700
1327,8459100
766,6981800
16633,9983800
9631,13416800
4221,4171300
1028,348800
2122,2341700
2290,7839100
987,13895000
1724,5690200
11760,2077200
2152,3703600
1390,10940500
2004,14763100
2023,14777200
769,7170300
984,13296800
1951,11521100
686,5883000
1113,3190700
859,10364300
1312,8553600
12874,4390600
855,9843500
1207,5649700
2908,10921800
14549,8670200
1039,652100
548,1077500
957,13684100
1597,2011600
2625,2218700
1011,14285800
8362,6450500
953,12613700
748,7004100
2849,8840200
2535,14581700
1541,504200
755,6572400
567,1690200
2026,14380800
2129,3006500
1043,834000
1877,9556100
898,10760500
557,1461200
2017,13640000
551,1400900
11654,13103500
11613,11951300
3120,1831600
1558,942200
576,1821900
3846,7878700
8099,13043300
5477,11515600
1435,11647500
621,3099300
1935,11773600
1443,11616400
1119,2731700
1449,11922600
3190,4258100
15760,13886600
1799,7370400
830,9234000
4099,890000
1310,8386700
936,12442600
923,11340200
3745,5218100
976,13076700
561,1410400
10087,12389400
1172,4102200
2487,12389100
3512,12911400
757,7096200
12322,3165500
1009,22170300
2855,8493300
1893,10448500
7387,7431600
800,8879500
3341,8281500
587,2195400
6674,1776600
2403,10182900
898,10697000
576,1928400
3758,6004100
5377,9291500
928,18281200
14962,6078200
1829,8653500
1606,2515800
3426,10010800
2424,10638400
3538,87288200
5965,11124400
546,1089700
1728,6136000
16356,2385500
1264,7952800
4028,13746900
553,1267100
2254,7033400
1000,14514500
1193,5777500
765,8340200
6406,8861100
2033,15229900
16055,8789400
1922,11037700
820,9044600
1098,2224300
10348,5024700
1790,7207800
1737,5849200
6407,8655100
3810,6859800
4947,10553800
3753,5348800
5172,2633200
590,2502100
1686,4443600
1145,3864700
514,191000
764,7642400
2477,12582200
1432,11783600
1513,14081300
616,3275600
676,4554900
2427,11264200
19439,3412800
18862,15570700
13039,9042800
2552,301400
1166,4523500
1322,8602400
2063,830900
8045,11657700
2331,8566200
1890,10374600
8910,7564800
2415,10700200
1074,1944500
852,10070600
855,10000600
789,8075600
519,385400
835,9629700
824,9835800
5748,4371300
17479,5152800
7613,13734700
2356,8953500
1104,2424800
4798,6655700
623,3744700
709,5663500
2689,4530800
2065,1139400
865,10468300
1241,6826500
555,1908200
5186,3037700
570,1743000
2947,11452300
662,4854900
7233,3105600
771,7142800
8007,10636200
2658,3608200
1349,9577700
2342,8517700
5679,2569400
539,873700
1362,9521700
517,271700
14610,10375800
15905,3822900
2997,12301600
1998,13440700
621,3115600
960,12997700
993,14050400
920,11664700
1186,5103500
2906,10012100
632,3746100
2018,13681800
1208,5497200
513,187500
887,11219700
1495,12803300
6145,1230300
738,6186400
2403,10305900
2598,1510700
1342,8629600
1296,8239500
716,5641800
3529,13127700
588,2180900
3213,4507100
668,4453300
2227,5446900
979,13272300
3013,12825200
1382,10727300
1717,5433200
13337,3795400
5460,10589000
1002,13830400
560,1497100
549,1187900
2317,8064700
1460,11824800
1745,6813800
14117,10894300
4677,2767800
1945,12332200
1593,1961500
704,5385200
2136,2735700
2877,9343600
4344,7541100
795,7947900
1425,11238300
1617,2616800
513,137800
766,6883300
6160,1719700
737,6406000
1031,512400
8337,5442700
1247,6220800
4048,13792600
1016,14498100
1407,11619700
1700,5063700
1326,9201500
666,4250300
713,5668300
5669,2632000
1978,14622300
3108,1593900
647,4200900
4679,2877900
725,6649400
4296,6439200
6862,7552000
741,6237900
1388,10368100
552,1200600
2533,14699300
679,5505900
3024,13657200
1307,8128500
1445,11872800
595,2411000
704,5506100
708,8224000
996,13315600
518,311000
5306,5903400
907,10868200
1584,1790000
5915,8892000
2045,315800
1359,9689800
14745,14158600
1779,7151200
3448,11459800
1977,11978700
3518,74154100
1148,3674800
1777,6704000
1073,1570100
3546,13538700
8224,2468700
1570,1185800
10157,14319200
618,2918600
1634,3353800
10279,3677000
4005,12111700
12595,10612700
1049,899700
1381,10444800
1768,6644900
5527,12471000
1047,855300
1179,4582500
1641,3590400
727,6570800
2876,9175700
16978,5588500
5314,6781400
2117,2676300
1363,10072400
1008,13642700
7930,8229500
552,1258200
1627,2852200
649,4037200
1929,11598500
609,4270800
2144,3281200
6386,8072200
5226,3941800
3766,6145000
708,6695700
576,1968400
8673,778600
1503,14097800
674,4634600
2455,12010700
522,386600
809,8128400
6597,13317700
1350,9709600
6066,12878000
3628,2164800
1284,7664800
3258,6202800
2743,5657900
1242,6316300
3492,12079200
1766,7048400
1043,827100
614,3372500
1493,13376500
2320,7993600
6587,14188700
2442,11162100
12066,10483700
2521,13446300
659,4277300
526,566600
8757,3197900
1145,3725500
3481,11914400
3540,15209400
672,4584500
1367,10559800
2127,2908300
540,1061200
1469,13215100
9472,9156100
2939,10905100
3006,13619200
2081,1779600
1518,13666300
733,6770600
1182,4361500
1309,8362300
3168,3120300
2968,11398600
617,3256000
15806,15257500
3849,8071900
2292,7418900
6535,12272900
776,7830300
879,10358900
13111,11719300
5512,11526100
1114,2568700
558,1591900
7026,11698800
16607,9626000
834,8692600
801,8552500
18811,14313100
4417,9986800
9465,8622400
8878,6655400
914,11246400
2947,11325700
3125,1986200
1794,7604200
8115,13929200
1335,9458400
1287,8319700
1478,13206000
6867,7253800
3973,11715500
546,1127800
3713,4113700
1024,235200
3153,3016700
627,3365400
8156,14517000
2463,13185700
586,2138300
1822,8854800
9852,6054200
843,9774800
882,10812200
2183,4325900
675,4964400
1178,4652800
3785,6253300
601,2579600
6911,8358400
2861,8839300
4125,1511300
8826,5472600
2235,6072500
593,2840900
554,1384900
1681,4514500
673,4612900
1073,1514800
923,12105900
771,7232400
2800,7046200
2235,5678700
6175,2130200
3760,6994100
7115,14163600
525,673300
815,8391200
1732,5577000
675,4993100
1399,10803600
1588,1969800
778,7683200
2838,8302600
927,11412000
2430,11170000
14141,11408400
1532,205800
535,731600
917,11469900
2169,3744800
934,12379400
4225,4523500
657,4043700
606,2625400
781,7926900
734,6281000
833,9024700
601,2762500
2420,11269500
814,8642600
543,1061400
539,804400
4023,13104500
1408,10970700
1486,13132300
1013,14683700
941,12077300
871,10114800
5182,2664000
8007,146894400
1698,4557700
670,4291000
2618,2050600
1624,2627000
2605,1653400
1252,6159500
708,6523400
8651,15308300
2653,3081200
973,13183000
2542,14577300
1530,174900
11554,10121600
4315,6565500
2706,4592700
2887,9892200
1549,637900
910,11396300
5289,7065700
1276,7260000
763,7455300
6681,2061700
1122,2752600
1220,6225700
1164,4111500
2496,14399300
2732,5714100
2805,7544900
1438,12092200
2245,6697100
1048,1003300
3373,9228500
2604,1800000
6253,4390100
3415,10561200
537,1204800
853,10144300
5624,840400
3780,6295300
675,4582900
3792,6409300
14644,11103300
636,3456500
11464,7826800
651,3941000
547,1236600
2391,11045000
576,1968900
909,10676200
660,4306300
792,7911000
1474,13378000
3046,14424200
16694,12262600
759,7154400
8358,6580700
591,2550100
1761,6461300
1503,13384200
8047,11151200
1367,10008300
9292,3746600
556,1295600
1496,14504000
782,7790700
756,6904800
7637,15035500
6366,7283100
10536,10575700
3511,12961600
684,5629100
588,2351900
771,7366900
601,2529000
7633,14952400
1186,5085000
878,10289600
10363,5572400
830,8993300
584,2083400
11314,3568200
19327,14756800
3935,10548100
957,12641700
2792,6833400
788,8370100
1144,3799900
6568,12674600
10355,5025600
10217,1394700
1513,13969500
10377,5753600
675,4618400
559,1370100
1094,2034800
1396,10891200
663,4409900
637,3578300
2691,4796800
536,813700
1727,5698700
12940,6461700
1600,2097100
965,12919800
948,12766400
8592,13285600
1990,13616800
3332,8031200
884,10845300
1320,9651900
6542,12812700
762,6964800
1996,13333300
678,4606000
1620,2549700
1369,10634700
1195,5063200
4935,9987500
4977,11178200
1812,8995200
2255,6148600
8035,11146100
12278,2173900
540,842500
3077,710000
1393,11484500
3725,4728700
7573,12405600
9517,9866000
567,1586300
552,1299400
2148,3169600
17320,14742900
5661,1836800
791,7656200
1607,2156300
3113,1714100
712,5949800
986,13188400
3916,10880900
3215,4339600
1550,765000
912,11137200
929,11708000
5813,5926700
2854,9496400
3067,485800
13511,7855800
1274,7344500
1754,6502100
1549,655200
670,4638900
2544,16068700
2251,6139000
1332,8763300
1433,11800000
4605,795600
3213,4702000
1638,3601900
11402,6124500
685,5326300
2850,9247800
524,449000
8892,7509600
3064,399100
525,501400
1475,13789600
644,3934900
1371,10032900
667,4949700
592,2481600
2195,4577200
2839,8978100
733,6152800
1536,417600
2073,1148000
1950,67709300
2458,11529100
588,3533200
779,7715100
3563,14860100
4319,6975800
11911,6230900
9619,13032000
7981,9800800
763,7177400
619,3034400
600,2666500
684,4812500
1496,13962200
5498,12532600
1546,664000
871,10309100
2924,10982700
1995,13964100
4128,2088300
694,5341100
1133,3170600
4946,10174800
3748,5124800
1390,11173200
1936,12011600
2311,7511400
700,5253700
6825,6320400
831,9083000
3693,4187400
1614,2501700
530,597200
2437,11366600
15763,14372800
6445,9272100
4156,2478900
1448,11692000
569,1670300
10181,14467700
7283,5066100
1547,620200
1975,12133000
4263,5378500
5040,12755900
8667,14904300
6198,3241200
1617,2925500
3950,11819500
5665,2146500
1737,10051600
1884,11065700
706,5804000
875,10682900
2457,12751900
1049,918000
576,1860200
1314,8719200
3766,6630100
8802,4476300
914,12335300
817,9439300
1632,3353400
4924,10394800
8478,9437000
1115,2697100
7733,3194300
1711,5196300
1539,418800
8437,8320900
1044,902000
919,12234600
1621,2587200
4056,14746300
10397,6920200
646,3891400
1444,11691700
1704,4767200
2365,9550800
769,7821800
958,12767800
871,9975100
567,1600000
655,4468700
1890,10429000
1656,3811300
533,839800
14291,1762300
966,12952700
1206,5562700
652,3906700
18030,6025700
12229,14444900
1779,7649900
2131,4434200
3273,6128000
1365,9672500
6450,9410100
8406,8838900
11984,7793900
860,10294200
1695,4557800
622,3271500
669,4622300
767,7117800
1685,4398100
1708,5333700
1724,5387600
1653,3538200
1938,11919400
977,12970700
717,6112300
752,6559700
1366,10360000
969,20142000
668,5007600
2269,6442400
547,1408700
929,11432800
588,2226000
5378,8635800
1478,12912200
3363,9418700
657,4317900
3442,10800800
901,11217400
1046,795200
529,699200
665,4368100
14878,3836700
780,7525600
1671,4043600
754,7319700
1098,2438700
8201,1716800
2662,3238600
945,12806700
695,5130900
5143,1622100
2570,753000
3689,3506000
13227,15635900
667,4869700
732,7725900
1174,5143300
1072,1876900
9462,10170300
10274,3299400
3151,3521800
8751,3536300
2761,6694400
2480,14351800
8627,14653400
1263,7385700
818,8816700
6837,6485000
2309,8338300
3309,7545700
775,8421400
4519,13647500
656,4162000
602,2575100
4431,10833200
570,1746100
629,3564400
946,13163200
4528,13295200
1688,4433100
727,6024900
642,3659900
598,2961400
1813,7935000
2495,13273200
994,13605600
16709,12507800
584,2138900
1984,13232000
1582,1519900
1080,1770500
1046,854400
2433,58663500
1881,10029700
3879,8529000
722,6473900
556,1356400
11995,8766800
3490,13549300
4750,5170400
4921,9313100
4914,9408200
1122,3278800
664,4573800
635,4165400
10106,12042300
835,9069500
2151,3261700
4811,6844400
1394,10279900
6365,7190700
1758,6839300
1567,1237600
769,7443900
1082,1770300
1752,6351000
571,1737900
5535,11740400
638,3847500
667,4425800
1139,3291200
2336,8963800
3431,10324000
1413,11004200
843,9257100
888,10418000
3633,2144000
17328,15124500
564,1554700
1551,705700
9546,11640600
590,2290100
2985,12160300
1292,7790300
2421,12473300
5545,20390100
851,9227800
633,3439600
1528,13663900
1405,10872300
701,5472100
2349,8670100
1792,7423500
4309,7006400
530,627900
10303,3798500
1556,1060200
599,2839700
610,2906800
1628,2795600
18458,4452600
527,490000
3296,7107300
654,4080800
1093,2346800
721,5844000
1721,5454000
950,12846600
6920,8942700
1029,404700
2360,9168500
3648,2423700
1360,10131000
1894,10151600
1673,4566400
4724,4158600
598,2425300
1905,10278900
972,13114000
649,3980400
1085,1875600
2111,2497300
1318,8643500
647,3913300
4281,5744000
1327,8863200
633,3571800
835,9274700
699,5253500
2363,9288900
1345,9062800
11308,3388500
918,11515200
533,703500
696,5418000
1588,2083300
5088,15345700
1688,4395100
6386,7478000
798,8185000
1788,7157600
577,1914800
602,2605500
1889,10384900
1411,11309500
601,2909400
1233,9009600
618,3252500
621,3043400
9934,7654200
563,1548500
2341,8244100
1098,2879200
1687,5390700
1765,6800500
2091,1867600
7341,6210300
7126,15031400
6992,10278300
518,317000
1294,7847800
672,4594100
612,2895400
3220,4557800
860,9777200
918,11751900
4657,2443300
2593,1725300
745,6431200
2986,12888700
1160,3944700
804,8536100
517,417800
2256,6429400
712,5767900
516,231900
6984,10431100
1887,10076000
546,1059200
1807,7920000
6641,803300
755,7454000
613,3052300
842,9715000
3646,2462100
1410,11320800
13617,11331600
3057,15711700
865,10672400
1694,5121000
1026,316200
2193,4837400
2726,5276900
2789,7187200
856,9739900
1461,12902000
4749,4974900
2985,12446300
6341,6485700
962,13195300
1147,4371200
805,8576600
12432,9755300
568,2059700
2588,1646300
3314,9261300
9477,9612800
879,10686500
774,7637100
5247,4952700
3968,11245800
1515,15055500
2347,9113800
1001,14040800
12362,5192500
1506,16090600
3348,8616400
7985,10325500
2854,9029000
2005,14047300
4931,10323200
1512,15639300
4675,2978200
796,9003500
890,11552800
522,448700
769,7531100
838,9829700
2757,7233300
1327,9536900
1175,52083200
754,6759400
1529,14596600
536,748000
1863,9504500
3026,13473300
1429,11512900
1664,4019400
4079,15292700
10648,15570200
2790,6871400
617,3062200
2587,1648200
791,8193300
833,9944000
583,2128700
589,2444700
16051,8186800
2044,287300
8809,6654800
566,1595000
974,12736800
999,14471700
1012,14524800
2237,5869200
16511,6950000
634,3494600
2010,14330700
733,6738200
1123,2967900
647,4642700
10311,4421500
5178,4553500
3037,13778400
19561,7508300
1373,10231300
963,13224200
4128,1652800
581,2108000
518,327500
744,7207700
1689,4654500
695,5389400
683,4713000
1963,12760600
1088,2193800
2436,12931700
1003,15992600
7201,2697400
3012,14223500
5107,626100
777,9293600
541,1078400
6813,6523400
740,6705200
991,15800000
6472,11683000
976,13683900
8829,5507500
905,12392700
1727,6163700
5227,3975100
2336,8138300
8203,1949000
804,8785500
2801,7409900
3327,8445800
1222,5880700
814,9428800
1131,3529100
1513,14512300
1120,2828900
5249,4354100
9254,4220700
7488,11807500
1856,10623900
15092,10399400
522,425000
905,10794200
1042,795000
647,3684800
879,10635100
587,2506200
759,8202400
2178,4034400
621,3380400
2727,5437500
2480,12516500
9085,19464800
10979,9059400
4255,5956900
12561,10750800
767,7187400
524,546000
2065,880900
3340,8468500
4401,9442400
1009,14475900
2737,5879400
933,12466800
1000,14331900
2167,3790800
8602,13027200
655,4929300
748,7594000
5420,10656400
614,3362900
1263,6739900
1711,5530300
846,10327000
856,11508200
1754,6894800
7852,6223200
540,992500
1415,11918200
1581,1532800
854,10238900
555,1565100
2927,10815600
602,2639400
1101,2312600
774,7420800
6272,5183700
1734,6021100
578,2009400
6935,12179300
11417,11364100
3685,3609200
15059,8841700
5503,18679300
2303,7366100
1746,6070200
681,4945500
14450,5627700
1969,13313600
2379,9707700
8263,3512600
14110,10256600
1250,6212800
648,3854800
6348,6858200
646,4074400
821,10732300
8548,12145400
3539,14171400
4864,8164600
19716,10691700
1167,4156300
1185,4535600
1623,3111100
7791,4804000
5106,643200
1213,5152100
566,1601800
6479,10062000
17975,4915300
2861,9078500
1379,11088300
2422,11033800
562,1853900
661,4327200
4513,13799800
3152,2909800
2358,9844300
829,9070700
5771,5050900
3306,6940400
1255,6983500
2484,12598300
1463,12475400
588,2465100
668,4397600
1494,13629500
1020,120500
858,9702100
9508,10473000
545,1167300
637,3728900
4875,41131600
12272,1945400
1642,3167800
1674,4152800
11603,12037000
968,14060400
1402,11929400
1541,604900
559,1768700
710,6548000
1104,2504700
6869,7490900
936,13198100
3205,4065700
5510,13014800
893,11098800
3847,8101900
2580,1182300
1843,9565000
1814,8064300
1296,7397600
3446,10687600
674,4617700
1024,262200
769,7784900
728,6155100
5621,708700
8757,3526100
690,5003600
5938,9195600
815,8482500
637,3767000
4442,10443800
631,3584300
625,3179400
585,2121000
2418,10642900
2221,5145100
2935,11441000
845,9380500
679,4796400
3589,815500
1059,1139200
575,1801300
746,6572600
612,3007100
4323,10377500
1844,9050000
1232,5755900
4714,4493000
762,7346200
1259,6507500
4554,13726000
761,7594400
6015,12115600
831,8937700
1775,7100400
1796,7505400
522,696500
8650,15317100
843,9610300
2616,3469500
3918,10079200
787,7702000
755,7158900
7820,5172500
2676,3607300
943,12523300
1112,2667500
12397,5369600
3282,6314800
1132,3187300
4291,6103800
810,9218000
644,3727600
553,1385400
4382,8984500
3819,7191000
5431,10356200
527,565700
1447,12162200
2231,5573300
1964,12390200
1224,6111000
633,3821000
1360,9356700
2195,4582600
839,9305700
1971,12505100
3178,3472900
2081,1511600
1569,1649500
2626,2678700
838,9885300
518,355900
3419,10768400
624,3153100
5256,5298600
2677,3757000
5173,2517600
958,12339900
1783,7006200
3960,11109000
1459,12484300
667,4316700
3753,5903600
2353,9969000
4488,12242800
4805,7389700
1864,10654400
1178,4573700
807,8675900
3862,9563400
782,8777200
2435,11521400
1932,11690400
2628,2302700
2317,7949300
1141,3938300
605,2664200
812,8572400
7711,2373600
1885,9941000
1245,6625200
2282,6941800
9931,7403700
542,953800
681,4817100
577,1978500
733,6159500
3040,14165000
8177,1111400
3636,2116500
4450,10882000
14631,12070800
794,8481200
1688,4677400
2226,5120700
2841,9488800
2124,2974100
738,6380000
2103,2150400
4826,8474600
1307,9205800
1772,6683700
538,1080500
830,10393800
4222,4539000
3147,2838300
18235,12636800
733,6673300
1507,14005000
4989,12341400
563,1619400
547,1218100
1070,1609100
669,4863300
1579,1630300
8107,13847000
709,5995400
8341,6651300
18010,5919400
2016,14260000
4027,12963700
12441,6547200
1307,8177500
1627,2852300
1194,4989100
809,8481000
3767,6122700
3292,10199900
2591,1379500
1932,12799300
8544,12372900
1116,2692900
2331,8464500
1276,7455800
14976,6318200
1627,2737700
1110,2825800
620,3442400
867,10338300
18576,7651600
519,392000
537,799400
665,4554500
1550,809200
2113,2316400
587,2214200
14571,9852200
755,7327900
612,3440400
1692,4808400
2018,13894100
3707,4125500
526,491000
3840,8907200
2097,1715800
2284,6704100
1550,840500
1370,9859900
1610,2379300
713,5729100
525,466600
2868,8809300
2344,42062600
17410,3211600
1036,571000
6745,3795300
781,7324700
2793,6716700
2007,13015200
709,5826600
17948,4466000
566,1692200
6067,13935900
951,12671300
729,5937300
1428,12054200
1795,7391000
828,9063200
8877,6326500
1195,5108900
4218,4134100
1747,5919400
1958,12385600
1869,9621900
601,2556900
2445,11232800
2101,1909400
676,4595600
4043,13425500
974,12956700
1099,2274900
1737,5979800
17306,14951700
2729,5899700
841,9468400
1758,6781900
1490,13628200
800,8624100
1305,8876600
1028,403600
2139,2982200
16187,11685200
934,11337900
806,8580000
2337,8862700
1739,6409600
1756,6416200
960,12672500
7104,13520900
1077,1820400
3155,2991000
7225,3033100
619,3096500
8443,8339200
4772,5368100
6479,10233800
560,1469500
4074,13764700
650,3872400
1716,7382600
1786,7911700
807,9116000
5542,12910700
542,1060100
941,12357700
615,3129500
690,5078500
10704,15305300
10557,11963800
3510,12665700
1029,443200
2151,3195200
11464,7561400
700,5267400
4261,5206300
713,6100200
5802,5817100
15939,4790500
1532,222000
2197,4710000
538,1021200
1913,12985100
1553,1025100
1386,10958100
11091,13385700
2153,3514400
16694,12501500
814,8712100
1146,3769100
1163,4398200
1779,7088200
2913,10126500
585,2082400
2485,12943700
853,9875400
10490,8675900
1602,2263100
2403,10178400
881,10206400
12583,11975000
832,8725700
648,3915100
12327,3733300
1003,14046100
1351,9327200
1896,10462900
1365,10369900
535,778500
682,4927300
1475,13705800
7000,11181500
5911,9504800
8020,11012300
4997,13207800
1104,2548000
594,2556800
683,4824800
626,3872900
3659,3183300
636,3578300
755,7316500
657,4734200
2376,11338900
4921,10177500
959,13252400
2852,9323100
12796,2495900
5881,7807000
1452,12112000
14927,4917200
1181,4949300
6184,2254700
715,5897900
2788,6836600
8191,1535800
3727,4604600
2574,1055900
3196,4339600
3871,9291800
1084,2089500
4711,3812500
4746,4765200
1277,7120000
3494,12431700
15744,13163000
1865,9097000
1013,13651200
8001,10545000
514,186300
2329,8144200
577,1921800
831,9105900
538,941500
2702,4499900
8718,1916700
1446,11770700
4984,12003500
967,12745100
1621,2623000
688,4922100
1775,6765100
1974,12173400
1480,12700600
860,9652200
2927,10758200
663,4395500
3760,5377300
3195,4173400
8997,9947100
1560,1031700
7226,3279800
646,3883200
567,1682000
618,2978200
1046,815800
2939,10971100
2444,12433700
6191,2430100
4030,13236800
1877,9853600
530,629800
4057,13594600
5100,455700
563,1481700
1012,13770900
700,5259400
1130,3397100
1000,37556900
1451,11857500
556,1323300
1951,11596100
4039,13468600
18244,12524800
9892,6287000
5003,12420700
593,2290600
532,656100
1026,252800
1584,1605200
3514,12526500
4928,9675300
6342,6707300
810,8407100
9023,10352900
3159,3029900
11134,12954800
3981,12255100
1030,411300
4225,4185500
10885,5842700
1897,16532500
985,14447000
597,2539600
1415,11412600
12222,15815500
696,6611300
1005,15070000
836,9239400
5738,4528400
539,840000
4223,4479000
528,523300
609,2705800
741,6677300
2065,889000
2342,8638400
528,583800
858,9505600
3734,4808200
546,1033900
1121,3181000
2930,11681000
1110,2840800
963,12513200
622,3464700
14930,5540900
2820,7864700
595,3139200
668,4757600
1078,1658300
1513,14049100
1839,8823400
688,5146300
1518,14497900
8209,1958300
6476,10297600
1782,6869000
11492,8663500
1267,7117800
1195,4925700
4764,6148500
593,2901500
3771,6380100
843,9489100
5512,11901700
5098,14133200
9227,1969700
526,503900
1744,6895800
539,1467700
19714,11191600
2818,8151300
1365,9651300
3185,3583700
704,5874800
1941,11419000
521,351200
653,4735600
1028,400800
3065,549100
1044,960000
3149,2789000
1312,8251300
868,9900600
5199,3517700
661,4154100
10977,8011200
705,5707300
5960,9745200
2209,5149800
510,85200
518,297500
1513,14230000
620,3040800
1581,1526200
2394,10035700
942,11927300
1326,8487400
1832,8614900
4638,1779300
2611,1848400
1672,3908700
1413,11081600
561,1454800
896,10587500
1019,14747200
18555,7224600
1261,6745000
610,2770200
859,10060000
6675,1722400
5229,3864900
4065,13742500
745,6986100
1180,4590700
1808,7635000
3716,4300700
1212,5498700
1059,1158100
1787,7541600
1890,9952700
4488,11792800
1301,8408400
839,9342600
5384,8350100
3130,2130500
2175,3783700
1357,9796300
3871,8377400
738,6781500
5465,11072200
1249,6693600
9132,13987400
2880,9338100
10524,9744800
11838,3948100
15459,6027900
896,11026600
2144,3080200
869,9888900
1138,3397400
603,2672800
3122,2004600
4377,8467400
567,1660800
3731,5084300
1183,4568300
3273,5939600
3065,497100
731,7266100
1052,1254500
9019,10719500
1443,11714000
2573,1109100
1845,8989600
10455,8000600
3494,11871200
882,10156200
3024,14012500
882,10378800
738,6110900
17735,12001000
7254,3921500
4172,2953900
523,393400
2865,9028000
1123,2879800
1259,6481400
881,11244100
890,11784100
3962,11426700
1673,4011500
6304,5565400
609,2705500
1972,12931800
1092,2540500
1871,11437700
3138,2985500
1602,2645000
1099,2354600
2823,7600300
1097,2194300
2316,8075700
1155,3831300
2840,8804500
15220,13013500
561,1480400
842,8803800
922,11469800
1517,13952300
1825,10073400
1238,6290300
3611,1429000
518,264200
10632,34590100
1752,6377800
598,2430600
894,10491400
611,2903100
651,4029600
887,10387200
1022,152000
7818,5480300
1894,10247300
619,3101300
1594,1868600
1171,4102000
1103,2268500
1143,3830200
5193,3116700
2216,4992600
821,8653300
671,4474000
4416,9850000
1800,7491400
632,3609200
1216,6388500
1684,4357500
600,2477700
2004,13264400
711,5734900
849,9320500
5873,7847500
990,12713600
8777,4249200
5908,12508300
2533,14217400
4598,619000
10047,10427800
4731,4149200
4959,10892100
616,2898100
1558,911300
2495,12259600
735,6164800
875,10374600
1345,11104900
554,1544800
7401,8436000
2702,4610700
741,6420100
1570,1842900
622,3234200
691,5140600
15755,14241500
1106,2428500
1497,13418700
1862,9241500
664,4254300
1082,1871000
2580,1303200
1098,2623700
1748,6053900
8758,3073400
3734,4895200
969,13076200
1781,6906100
2325,8244300
18817,21249500
1736,6407300
10413,7326100
1055,1100400
4492,11847400
813,8336200
4814,6606700
856,9588100
4508,12457000
5517,11817500
563,1587200
1442,11694200
1611,2382900
3077,696200
539,826800
762,7013600
799,7864200
2468,12487600
598,2526700
654,3912500
1225,5590800
9356,5680600
789,7557800
1400,12270600
7047,12785600
5703,2982800
3839,7705700
1130,3104400
1168,4057900
774,7113000
752,6543100
4389,9359200
2615,2011600
682,7231400
2721,5815100
7963,9922800
1198,5173600
11845,5062900
865,11995100
2848,8759600
797,8015800
998,13639500
749,7127000
1479,13410900
2146,3347300
4486,12148500
1661,4591000
742,6808100
1650,3548000
669,4924800
12190,15207300
1798,7544100
4283,6334800
1472,13017000
4679,2772300
3271,6500500
933,12770600
703,5612800
4864,8117400
648,3730900
929,11775900
1527,13949700
1354,10136900
1197,4869200
794,8026900
1112,2879300
2702,4513300
922,13054400
647,3906000
1091,2710800
1487,13291000
775,7910600
972,14266600
871,10149200
2179,4056300
904,10924700
575,1799600
2307,7767100
695,5881700
11917,6439300
945,12858100
10914,7191900
4090,840500
1327,9221300
742,7405600
887,12028600
531,720700
727,6317600
1607,2303800
838,11214400
666,4197900
2925,11198700
2530,14037200
1435,11791900
732,6285400
10561,10876600
891,11460000
13811,2359000
607,2624600
7110,13672300
634,3509200
962,14329400
551,1306300
10437,7610800
2415,10753200
11228,1244000
1135,4023000
2596,1519500
3501,13737400
11392,5658300
3081,870300
1368,9721700
3177,3326900
1743,5729700
3323,7537700
3902,9618400
4503,13900000
983,13520200
1318,8502500
876,10414400
859,10213500
1628,2983700
10464,29034900
9607,12481300
4850,7748600
2557,477600
5626,908700
2315,7936600
856,9515600
2875,9897200
1376,9843900
875,10030500
1002,13710600
8314,5315600
3191,3957900
9370,7005300
3497,12470300
2294,7382700
1489,12498400
3854,8162100
8937,7803700
2880,10088700
536,1073500
1008,14702400
1341,8969500
1991,12861800
966,13374400
1133,3584900
1055,1148600
3596,1040100
876,10769800
6341,7141100
859,9650300
3390,9140100
887,10162300
701,5347700
539,894900
856,9464500
8932,7975600
781,7569400
756,6852900
6468,10044300
705,5677600
2297,7637300
6832,6100300
1684,4594400
2832,8432400
1085,2046300
2604,1907900
912,11267100
1158,3791500
1274,7300600
851,11101000
1235,6989600
2776,6216500
10166,13671800
1403,11941300
5766,4931500
1443,18422100
3661,2967100
3237,5266100
660,4306600
733,6136300
4201,3920200
1925,11241400
1318,8816000
981,13784200
13556,10324600
2890,9951100
2689,4225800
1340,9175300
996,13566600
3501,13165500
545,1118300
1566,1132500
4128,1815500
1643,3218000
2101,1837700
5247,4525000
2972,12022800
1280,7610800
2128,2774500
2599,1542700
2561,491700
977,20170700
2401,10514300
5178,2846500
12512,9072900
2220,5155000
2782,7149200
1020,100900
6351,6904400
12706,18004100
1999,14086200
1605,2376800
1189,5193200
5454,12167400
568,2066200
7055,14042800
611,3211100
699,5573100
1563,1107300
2176,4415600
617,3203800
2114,2465600
645,3785800
632,3430700
1324,9038500
9827,7194200
2193,4976800
1023,225100
631,3941700
4544,14549900
718,6283500
5697,3669300
5137,1424200
599,2778200
554,1352800
531,691500
658,4302000
682,4992300
732,6416500
1789,7214800
672,4564400
1887,9928400
594,2375300
5054,13140000
6122,582600
18303,13907500
3345,8667600
1764,6680900
559,1404000
8271,3973600
607,2744800
3118,1939800
721,6256300
15685,12351700
547,1092400
3124,2140900
3354,8400200
935,11348500
896,10382800
526,473900
534,713600
7402,7553600
631,3236100
1196,5212800
1222,5883000
13435,6085900
3955,12862400
1098,2187600
15474,8622100
688,4994300
906,11268300
3258,6009800
2195,4394800
2172,4005900
1242,6666900
1835,9134800
5133,1692300
840,10315400
1417,11597800
739,6188500
2193,4630300
925,11547800
1009,14050600
1573,1426800
1197,5137900
4460,10864600
2602,1839700
932,11975300
645,3656700
921,11632300
2674,3505000
721,6008700
633,3404600
950,12235100
1375,10744400
5663,1954000
2342,8542600
696,5320400
2298,7380300
707,5807000
743,6618600
4135,2024600
714,5859700
1617,2589200
3249,5526100
9953,8904300
2766,6125300
558,1569600
1122,3065400
9074,11357300
2472,11857500
9270,3802000
1500,13155600
9380,6657400
1391,11406800
1499,13345900
17964,22865700
3203,4098500
2822,7477400
525,451300
1030,434600
831,8963600
1906,10612000
4735,4266300
4058,13693100
1057,1138600
1144,3491500
3327,7574800
1747,6097400
807,8169800
6203,2718900
4530,12390700
656,4652900
2311,7676800
1071,1559300
1167,4178400
817,8355200
603,2558200
5450,10424500
519,315400
13423,5520100
519,382700
2093,1620000
11990,8073300
879,11556700
9888,6778600
1021,132400
878,10750100
5499,11886700
685,4866100
3575,441800
1396,10321100
3080,871100
560,1387200
2108,2038700
1598,1991800
1098,2099600
11173,13303900
1280,7164000
868,9808200
4066,14255700
2444,11777300
18302,13679600
1964,11883200
1741,5875600
953,12511500
11012,8974100
645,3902000
764,6752300
629,3376800
1716,5305400
1550,937600
1881,10040500
573,1988700
1183,5068900
575,1834200
648,3856700
2496,13220300
1528,14587400
2550,247600
1586,1778200
1376,9783700
13845,3327000
2418,10244100
705,5595600
673,4602600
981,13601800
9799,4069900
1044,791000
1424,11243400
716,5627400
2521,14163400
861,10667100
597,2644900
863,11719700
562,1824800
10461,8931100
8166,890300
546,1133300
1278,13152100
764,8291600
3748,5854400
7251,4046200
1941,12281500
585,2243000
566,1591500
2252,6697800
529,741700
7533,12973600
3406,10878000
1979,13441100
2886,9638400
585,2150400
3806,7026400
2519,13674900
6932,8994700
549,1087800
7356,6580700
2204,5103300
2534,14320600
662,4528900
812,8527300
1632,3048400
654,3923400
821,8754600
10190,14593600
595,2334700
1725,5565600
942,12103200
2843,8490700
1232,5623600
3833,7367300
842,9323200
2499,12667000
3285,6495000
4074,14718100
1209,5438200
1788,7244200
1567,1150100
972,13006800
1431,11852200
715,6165400
6855,7010300
1947,11625800
1122,3083300
4678,2770300
1407,10445800
1076,1798700
687,5057400
3683,3549400
3625,1830400
808,8693800
1722,6154900
674,4656000
750,6573200
731,6096100
737,6206200
6730,3536000
1965,12059700
4177,3145200
616,3087700
4637,1682600
1010,14047800
2863,9110300
4628,1430700
1007,13970100
2983,12295000
3910,10608200
4476,12056000
8531,11229600
5335,7325500
1042,856100
686,5829800
4900,9360800
1505,14643100
3985,11432500
926,11254700
15977,5898100
3525,13128700
1216,5561400
15652,16310100
707,5764800
1993,13832100
12942,9262100
3368,9077500
725,6242800
1176,4302400
766,6978500
1450,12004600
741,6542400
1960,11975700
781,7448200
924,11632000
4927,10768800
603,2944000
843,8959500
2704,4750600
632,3372200
555,1266600
1303,8045300
574,1842500
2832,8492400
1172,4261300
1260,6719300
3951,10597300
1419,29323400
1168,4122000
1458,12324400
565,1612700
6368,7626400
11965,7421400
3358,8833400
559,1429400
1004,14209900
6643,1003700
805,8313200
1614,2783400
5396,8434300
5164,2221600
633,3602600
1080,1839600
1921,11237800
585,2461200
5571,12922100
678,5025900
880,10226500
2056,717100
1509,13925800
3012,20988400
3472,12043300
740,6921700
17800,14777100
2575,866600
1229,6052500
706,5431400
959,12630600
5492,11730000
10830,4276900
4366,8210700
2537,15271900
2409,11097300
1681,4645100
1201,4940300
4472,11775300
4612,1037700
3032,13778000
802,8595800
3049,13890900
800,8462400
535,724700
4445,10272400
1205,4971000
3936,10979700
1580,1490100
611,2840000
3280,6467400
1789,7580000
9371,7076600
6517,11819500
954,12329700
1805,8231500
786,8006000
1717,5114600
3923,10629000
1063,1886600
10254,2405700
962,13005800
2189,4789000
4770,5508900
13333,3078100
3088,1449000
1020,142200
2201,4517600
685,5104700
1567,1458800
5420,9843000
1674,4498300
6124,780100
5747,4589300
649,3812500
17359,2003300
1203,5100400
5517,12233000
1875,9668900
686,5022900
525,490500
3741,5098100
753,7016800
1144,3311700
1065,1458000
1204,5335000
939,12111400
682,4994200
637,3804600
898,11055400
9129,13664700
13319,2708000
2411,10936600
893,10787900
917,11450800
3214,4456400
11294,3000200
2034,13953200
7703,2202100
2834,8662300
2570,787800
1463,12762300
1201,5681100
8055,12248000
4780,5732300
1645,3462900
10662,13923500
2081,1339300
3727,5232200
973,13392500
1577,1465600
1751,6866100
925,11462600
1113,2611000
2618,2304500
2726,5107700
6960,10564600
1278,7260400
19156,9515900
1382,10382500
1977,13120700
2480,12324600
2106,2066800
1725,5430400
1893,10084000
662,4267300
1059,1250400
652,4127600
1498,14149100
9378,6151400
8081,12988700
1618,2605700
634,3464400
872,10966100
1522,13956200
701,5397000
6183,2222100
6765,4124700
677,4691300
2431,11004700
6041,12253900
10814,3986900
873,9950600
1341,8823100
5217,5713000
3316,7689600
3450,11298000
2385,10587600
522,402000
10447,7554600
5674,2307300
792,8118200
4621,1249300
8212,2081000
565,1687500
13740,14473800
1248,7112100
12578,10459200
1245,6932100
598,3174200
674,4841500
18074,7809400
2414,10930900
1602,2195700
3838,7768800
2595,1455700
823,8852200
829,9013900
1302,7712500
7432,8438500
773,7860700
1910,11081600
1539,528600
666,4391300
778,7709400
733,6365500
7561,18297700
1461,12619700
740,6774500
657,4327400
533,644900
862,10377000
4220,4560600
623,3509900
816,8228500
554,1229800
690,5101900
9385,6932700
765,7619900
1464,12881000
510,90400
667,4348000
12303,2809600
967,41163500
8153,15542100
4324,7366500
7361,6634700
2322,11726500
656,4230200
678,4774500
6693,2364900
643,3608500
3790,6549600
4710,3589300
4382,8683500
1472,12947200
574,1808800
3407,10640300
773,7629400
1775,6696100
1605,2580100
3152,3088400
784,8373500
1811,9178200
18087,11982300
7451,9463100
653,4320400
4881,8817300
696,5603100
14841,2794200
1484,13218500
14860,3401100
10022,10294900
1198,4986800
13047,9487200
573,1802300
617,3446300
892,12482300
969,13004800
1143,3426500
12858,4192500
703,5642100
2786,7101200
2873,9321800
10745,2095200
2304,7850300
1551,877300
1282,8339800
1237,6893400
4913,10294000
1176,4326000
10261,2489800
1473,13873200
21414,16877100
1421,11235600
6880,7691000
685,4787600
4697,3218700
7000,10903200
5446,9809200
513,136800
4653,2353900
984,13710200
1446,13120900
2449,11492000
944,12189600
515,209300
727,6032400
2908,10399700
5987,11206200
643,3976000
3058,14300000
1851,9143400
653,4249100
1646,3375700
564,1902800
1716,5750900
547,1224300
591,2580300
7274,4173900
5983,11154200
6377,8183300
11828,3633000
1875,9394900
1985,12997800
2778,6691300
840,9959600
7082,13434700
1769,6820500
1085,1900700
2625,2282200
3148,2863500
7192,1959200
3815,7228100
7781,4027600
1010,14441900
2052,667800
4568,14662900
1379,10567900
574,1986500
664,4781500
548,1206700
6053,13033100
551,1284600
2338,8830300
8910,7610800
2733,5670100
2471,12548200
1203,5239300
7610,13937900
3103,1448900
7987,10049200
1520,14000200
894,10671800
1187,5033600
3113,1751600
9225,2025200
1554,745800
575,1878100
1347,9478100
4559,15629600
1345,9377500
3407,9997600
13774,1205600
7121,15224600
523,414500
612,2967000
2941,11956700
3083,890900
11741,1337300
5133,1290200
2537,14416500
1246,7396400
17358,2249800
6519,13120800
979,14162100
3023,13687600
759,7136300
1143,3418900
1104,2344100
807,8243400
1676,4429000
748,6797100
3118,2057200
1849,9107600
2858,8693500
796,8064800
3018,19669900
6889,7932500
16322,1374800
1784,7310600
634,3488200
872,9874300
5389,9299500
615,2913400
1512,13648400
1997,13423100
6607,14268900
532,724400
17037,6869000
1110,2772600
1054,1238400
713,6165600
1027,324800
5135,1359300
682,4862500
1132,3289300
719,5848200
3932,11283100
8938,8219400
6561,13363400
1615,2971100
1174,4447200
2553,380500
612,2962300
895,10731200
3550,13850100
924,11600200
854,9470000
810,8376300
3690,3982600
3889,10538100
844,9652200
1934,11005000
6917,8555200
2617,2007700
638,3900800
733,6157100
1724,5738600
873,10708200
735,6166900
1935,63761900
2261,9681700
6185,2492400
1223,6360400
3050,14448900
987,13835800
1478,12991100
970,13375000
1566,1140700
562,1445100
752,6931600
992,13304200
2098,2123300
5794,5417800
1081,1733100
2415,10608300
1032,454000
7440,9160700
992,13633700
4666,2527600
2770,6343300
954,14091000
14311,2113400
5302,6347900
1658,3821500
535,771700
1987,12882700
627,3308200
12221,14694500
4654,2195000
947,11901600
2322,7724700
11047,10666700
3763,5373700
1543,608300
2948,12050000
8030,11140200
3927,11097400
5452,10030500
8193,1508900
721,5928800
4487,12742500
17630,10636900
15437,4989900
13206,16576200
1840,9130600
9785,3505800
881,11774600
658,4470700
1016,16013600
615,3528400
748,7331200
1752,6818400
7202,2643900
1100,2593300
1160,4023100
1973,13258500
10984,8800600
1696,4922900
716,5827900
729,6726200
1825,8205400
7269,4595900
2278,7706200
1756,6289600
1729,5816000
785,7374000
850,9274500
7298,4820400
6124,598000
691,4886700
8804,4530900
556,1372900
2175,4461800
613,3581200
816,9319500
768,7146900
1104,2585000
972,12698200
4764,5150800
5006,12103700
1430,11307900
1541,466700
813,9022500
644,3819000
8864,5888800
1280,7505600
2869,9349500
1618,2566300
7300,4908800
4069,14091400
10980,8420400
3755,5486500
2131,2680200
10958,7747000
10822,3968600
971,13504700
551,1168300
840,8864000
10187,14685200
763,7333500
1300,7980500
13031,8949400
1429,11162700
894,10655600
729,6007100
577,1890500
622,3143100
751,6615300
4487,12331800
3019,13674400
1571,1296400
7232,3560400
982,13580400
772,8205600
2393,9694700
1332,9184100
3057,16140200
3853,8152900
2916,10597300
3590,880200
15872,2855100
1025,226300
4847,7498100
3765,5645700
1342,9095700
1112,2708200
668,5412000
1019,14820400
10552,11141100
5516,12791800
520,352600
1246,6416200
1788,7665200
1229,6024700
1736,5893100
6347,7076400
2473,12214500
850,9223500
5918,9366200
2251,6536400
836,8987900
5586,14206600
1201,5200200
1138,3535500
1369,9554800
1107,2491800
1906,11592700
12887,4839600
4023,12909900
2917,10952900
1296,8500700
685,5054600
2307,7193500
5916,8864500
911,11630700
1028,314300
12122,12735100
5881,9341300
2396,10283100
556,1348000
11939,9671600
4229,5403300
1051,1212700
1699,5777000
1290,7889600
3768,5737300
771,7266700
2245,5860600
911,12591000
1721,5387600
1312,8154200
1932,12025500
4725,4172500
733,6280600
1675,4030700
716,5687300
825,8669600
3302,42613200
2347,8405000
11157,13220600
864,9955000
14121,10774000
1171,4167700
1329,8440400
3236,5238600
683,4975500
510,62300
756,7464600
7585,12863500
1692,4545000
570,1803700
1254,6710800
981,13321900
3583,717900
2048,392700
613,2877700
569,1725400
1627,3414200
5291,5450700
8280,3881700
1232,6401000
2506,12969300
4013,13198400
639,3804400
691,5247500
2340,13353700
967,15267000
1603,2258100
7009,11460100
1114,2874000
2135,2943400
2453,12235000
2782,6857900
616,3211600
728,6679900
3765,5879600
766,7385100
765,7502800
17550,7836200
2712,5024100
535,757300
12827,3311300
1172,4444700
3694,4163000
991,13250100
9756,2595100
4763,5230000
3920,9804400
761,7588400
846,9264100
2618,2000300
1013,14816100
1807,8112900
930,11644300
2050,511300
8167,917000
1322,8557500
1379,10090600
14411,4851000
4398,9254300
2128,2611000
4486,11798100
598,2731100
5983,10972000
976,13320800
3041,13532700
546,1228800
1675,4827000
7756,3483600
7776,3985500
759,7107900
11176,14331400
1152,4147200
527,502600
591,2245800
1621,2573100
1826,8090700
660,4325100
1152,4641700
703,6143000
624,3548000
1741,7006100
2330,9095700
589,2276200
1143,3928700
1483,13213700
3975,11557500
1918,11617000
1362,10868000
529,752200
1472,14639300
1023,305900
747,7135100
1914,10578200
3215,5162700
1984,13631800
1642,3246700
962,13748900
664,4614800
2860,10473900
5592,15956000
1970,12757400
1371,9956800
4991,11450400
573,1827800
3274,6368100
826,9395400
613,2834500
555,1257500
745,7107900
1333,9268700
695,5810700
882,10944100
633,3975400
2469,13038000
895,11032000
653,4084600
597,2529900
1334,9553300
1822,9067600
906,10943800
542,1008700
2679,3891800
5225,3876200
734,6690800
1658,3958400
973,12838400
1820,8421200
1572,1386800
8271,3759200
1406,12090300
770,8210800
743,7478700
2687,4209500
1096,2253200
1030,408500
763,7206900
917,11276900
14863,3245200
1158,4077900
3689,3754000
1121,2916700
4536,13223400
2597,1496400
625,3322300
4759,5027500
6634,640600
1122,3049600
6086,13790100
725,5941600
780,7169300
863,9723800
616,3067800
949,12269000
5336,6835500
1642,3352100
571,1782300
5212,3963000
1072,2060200
3311,7667800
4848,7549400
4025,12938600
3027,13113700
1945,11241400
7511,10757900
1590,2036400
6582,13373200
9759,2627600
600,2447400
7461,10690800
2037,15793100
918,11575200
520,350100
1386,9968600
1086,1947800
5432,9858600
6202,2872900
890,10630600
1540,536200
3752,5879000
628,3328600
3569,15075600
1923,11079400
637,5498300
1271,6880000
19455,3914000
568,1719800
619,3120700
3925,10105800
553,1622400
616,3008500
7997,10341800
9076,42883400
1111,2475100
3534,12989800
1285,7676400
5009,12500700
18220,12819900
9987,9270700
2650,3984000
1031,498100
2109,2158400
936,11643700
2350,8695600
4014,12323000
1215,5857300
4024,12743200
565,1542800
1137,3601600
855,9608600
12588,10954500
4183,3208000
1237,6025500
2944,11458800
886,10558200
1118,3134200
2394,11093400
1298,8010600
900,11058100
2032,14040500
898,11149500
623,3335500
6036,13549000
2369,9386100
1085,1939200
1707,5465300
10637,13976700
5441,10803000
1044,786100
2719,5255400
649,4430600
821,8905400
1022,204800
2638,2691600
1157,4629400
1350,10042700
870,10738600
1625,2791700
1005,13838000
1135,3357100
992,13617300
3478,17715200
3206,5193400
1633,3369800
785,8339600
5862,8539500
578,1971200
3592,940200
3514,13123900
845,10194600
660,4740900
826,8986200
17983,5275600
15802,15260500
892,11624600
2236,6010200
12373,4648000
1437,12751800
606,2721600
12892,4805700
1498,13905600
11896,5688800
1033,559000
876,11742000
1902,12671600
1674,4096600
8081,12936500
547,1417300
1246,6646000
1043,776400
1503,13615800
1544,560100
6174,1967600
6773,4685000
15071,10906500
2674,4470800
1050,1066900
3840,8031100
1024,239100
4339,7591900
1104,2696500
921,12131300
764,7410800
3449,11776900
988,12999600
4813,6443500
5295,5730300
833,8930300
934,12714900
866,9843500
1586,1674100
667,4418600
903,10884300
1653,3529500
6128,814000
13922,5294100
5620,723600
895,10754800
3449,10840000
5570,13633500
875,10065500
1437,12446200
1668,4197700
710,9127000
899,11973100
1194,5077400
2899,10225400
822,9205000
9304,4050400
1715,5149100
754,7261000
2577,1041800
1985,15305800
6355,6837900
8943,8285100
837,9182200
3793,6617600
639,3938700
578,2105300
3338,8226500
909,11443300
1015,15180100
1247,6664700
832,9089400
1872,9887800
6679,1938700
15128,10692000
806,8808100
908,11166700
609,3315400
552,1514300
1005,14823000
604,2675200
612,2823500
1540,564700
15980,6868900
8673,989400
3909,9852100
2774,6262900
746,6409400
14295,1791100
1863,9698000
15369,3228300
672,7338200
681,5054600
1720,5363500
4169,2728700
1197,4881600
900,11410800
532,685400
4292,6457900
763,7265200
11991,8833600
907,12717000
2908,10891100
14579,10295300
3161,3182400
2092,1813600
5520,12960100
13150,12001100
867,10573400
2086,1728700
908,10931400
1595,1874000
754,6868700
9146,13701500
749,7360900
1804,8537500
2679,3963900
654,3968400
2699,4373300
2186,4283500
1222,5605100
558,1363100
1027,349500
651,17988800
1154,3969800
698,5346200
3126,2158600
3212,4625100
16651,10064000
4294,6472700
1273,7296000
859,10420500
11951,7539800
9689,14855700
5786,5919700
1300,8363200
766,7302700
3304,7163200
1017,13976700
3591,902400
1678,4689200
809,8445600
5707,3325100
4180,3187200
2873,10069000
5130,1270500
958,12336700
666,4495500
2306,7606200
5567,13158300
7784,4463300
1891,10726700
795,7821600
2621,2193000
5808,5704900
1882,9930900
2501,13199900
824,8727100
1547,724000
524,496600
6190,2597200
7336,6076300
13858,3418500
817,8545800
3968,12217400
15080,8970400
746,6562600
1208,5691300
9252,2817600
775,7638500
2124,2631600
1210,5347700
5592,14800500
2269,6541800
1790,7483600
1746,6085400
1416,10836200
1707,5046400
3716,4625100
14320,2288600
9005,10060600
751,7353900
1207,5450400
1985,13664100
987,13101300
675,4768000
1520,15009800
1907,11657800
10352,5648900
2066,958600
2364,9364100
552,1220600
584,2181000
2841,8133800
4064,13701900
787,7922400
3679,3689000
779,7723600
834,9488200
2249,5933600
11661,12941300
2330,8261800
8028,11281800
610,2912400
3441,10739600
759,7629100
727,6059900
1124,3057000
1797,7458400
4308,7457300
932,12474800
560,1563800
5708,3339900
6917,9784900
537,1056100
14687,13443000
931,11740900
1946,11313300
1161,4243700
3103,1538200
5270,5318500
3291,6411800
1217,5524100
766,6898100
771,7170200
792,8455100
3217,4695600
1031,439900
1508,13707400
1010,14153300
806,8315800
3316,7564500
825,8788100
2320,8176600
1789,7743200
1580,1538300
6219,3341500
7962,9281000
860,9752500
2158,3432200
9754,2642800
994,13382500
2091,1732400
520,327200
740,6312600
9444,8305900
6429,10409800
517,321700
3321,7814200
19068,6855600
2607,1982700
3291,7424700
3107,1554300
793,8268300
1365,9911700
4533,13352600
920,13911300
858,11025500
1147,4033300
754,6955100
796,8505900
1495,13250900
935,12818500
523,411100
11607,12114900
8194,1685100
5115,870300
2469,12347500
795,9688400
958,13212400
7720,3362200
7200,2424300
943,12814500
721,7883500
2533,14060400
3745,5560600
2893,11225100
3751,6409400
6005,12031300
531,766400
9845,5371800
1990,14912100
11452,7913300
1019,15174300
865,10400200
1105,2964700
1073,1611600
932,12230200
1029,385400
