32201
14265325
118815794500
0
1646,1093087900
15662,3257468500
187,1787500
166,1106900
132,219900
902,743600
129,125600
471,2790500
239,3134100
633,243300
381,176500
2880,3734800
376,3439200
130,251500
282,920100
190,1900900
2841,2488100
133,228400
1228,2735000
1268,538900
227,2999500
344,2613600
4805,1537400
1316,1846100
1052,1838200
415,1354400
326,2137400
404,805800
458,2282700
7317,2107400
504,126700
1103,2785200
228,2763100
168,1148000
590,2741900
228,2967800
1199,1969400
149,885400
1001,3419800
842,2407800
251,3498200
186,1857900
300,1401700
275,692900
6596,3046100
617,3178200
288,1129000
738,3160600
797,1316500
307,1725100
389,492500
939,2287800
2745,4172100
2292,1180000
143,518200
4190,1954100
160,1001800
326,2193900
301,1425300
664,1161300
488,3388300
285,1020500
761,334000
3415,1291500
3124,3537300
801,1459600
423,1438100
12423,5421000
3084,2765500
475,2834100
3415,1289600
459,2288600
133,232900
1589,2542700
1012,427900
635,300800
1745,3280900
315,1857500
9416,4485900
1249,3382400
821,1912200
243,3301300
368,3564100
857,3125500
7476,2915700
987,3123900
511,344700
185,1655500
143,498500
2370,3353900
1024,698300
10373,4208800
2195,1897500
1265,450400
12552,4982400
285,966800
587,2648900
3737,3060700
3402,827800
482,2983500
13575,5869400
220,2647600
243,3167400
10579,5789800
415,1169800
3979,3199200
399,764800
1532,893700
160,1173200
1161,1049400
950,2006100
138,394700
168,1204100
19066,6014400
161,1250600
3523,4117400
582,2269400
433,1650800
11573,5932500
183,1793400
626,3627000
172,1402100
141,458300
225,2932400
8034,4363000
3517,4260500
203,2116500
8120,3513700
281,1147500
1785,992200
1273,639100
362,3119500
766,432500
430,1677800
677,1484000
214,2581100
4084,2447900
8352,2918400
10361,3823800
216,2793500
10257,3776100
516,473900
653,860700
4115,3247100
2270,655800
155,846400
239,3350700
14468,6399500
15821,6077800
4343,2522700
239,3294900
865,3415200
380,173600
883,264800
1104,2947800
339,2588500
170,1238400
644,537200
3793,1297700
167,1148800
207,2439400
136,331600
4333,2307100
451,2102200
2493,3278300
367,3390000
3397,4367400
3139,3780900
472,2589400
14109,6666500
144,748000
806,1626800
1437,1654300
155,818200
1395,653600
3354,2908300
176,1378900
771,631100
3645,4400800
144,678700
488,3484100
439,1728800
127,72200
8962,2684300
169,1166900
384,277100
313,1835900
159,1164500
1220,2984300
1455,2304700
228,3048900
2550,1391100
221,2595000
358,3068100
9634,4130800
913,1054800
957,2529000
2727,3062200
9152,4305600
710,2526100
228,3309500
424,1428000
1873,5077100
243,3280200
275,700400
212,2391000
10774,4412700
369,3179300
247,3284300
8066,2113400
169,1185300
403,771600
629,3583600
1156,806200
237,2951800
1141,512800
673,1419800
342,2558700
145,597200
6041,5102500
221,2718500
3808,2218300
6345,3332800
3514,4346000
1097,2917300
315,1831100
255,157500
2765,4137300
159,987100
1734,3378700
157,942800
236,3476800
508,250000
655,835200
218,2647600
126,60900
1434,2281000
488,3112400
13934,5937200
181,1677400
800,1439600
144,687100
2229,3005600
10932,5225900
1517,557800
1022,754800
177,1641500
641,470400
2276,811100
149,727800
395,684200
327,2235100
721,2677200
5894,3973800
14451,6349600
1301,1547500
587,2477100
184,1690100
166,1143200
257,273500
238,3177200
16801,5598100
5079,2392600
217,2557500
13432,5804000
397,907200
147,800600
286,1431700
1334,2596000
328,2257700
1458,2426700
196,2186300
1661,1249700
451,2270400
1303,1699900
378,123300
161,1028700
17309,5513900
287,1150900
10951,6265600
423,1264100
548,1479700
348,2790000
871,3406300
13307,5599800
306,1612000
13934,5801900
4247,3439800
186,1740600
608,2950200
143,520400
554,1513000
4170,1353500
235,2977200
1429,1558900
357,2846600
3273,4295200
137,373800
352,2889700
174,1503900
1007,3663500
146,857000
10634,3966200
390,467800
2087,2545900
535,1131300
1204,2751600
183,1600600
179,1522400
1334,2439300
2360,3396400
207,2330200
6792,5138200
401,733300
242,3457100
422,1448200
4442,2126200
14292,5267000
1347,2808900
14583,6339800
901,972300
510,418900
277,872000
2190,1935100
164,1031800
264,410900
524,644600
958,2488200
133,296800
149,665200
263,408800
6729,4195400
7063,1936300
186,1623600
357,2925100
313,1880800
152,802800
257,206800
352,2734200
3237,3003200
139,384700
167,1118700
1359,3044900
447,1951200
142,457900
893,500100
9012,4288100
202,2002600
1083,2197800
195,1903700
282,974400
250,3628500
336,2472600
226,2842900
138,354300
1065,1802700
603,2774300
311,1671600
144,525000
261,480400
533,882800
4327,2240100
3613,3318500
161,975400
697,1975200
522,760100
2166,1251700
1234,2963800
11241,3205200
565,1875300
727,2825400
3252,4254100
5346,2692000
170,1210700
13759,3971300
261,306400
2851,2890100
151,677400
1507,3728600
15372,4187600
2373,3319000
1281,1138500
1601,3088100
241,3160300
4877,3835300
9015,4007300
400,733200
314,1794600
1541,1188700
328,2656200
2930,1663200
6938,1893600
462,2346900
173,1301700
2092,2703500
3139,3958700
793,1327400
2568,2035500
168,1298200
678,1668300
1846,2845200
684,1677500
2580,2215900
2619,3342200
8014,3994400
1229,2880200
166,1442500
395,586500
7006,4388600
380,156400
3291,1126400
397,598000
16396,4222900
6508,3823600
666,1177700
2370,3597300
328,2085400
6586,3105400
248,4148700
3332,2368600
364,3309200
137,334200
716,2736700
10178,5413300
4373,3362600
974,3224900
1192,1928600
205,2169900
14229,6755000
806,1594200
235,3066500
3500,3956000
169,1229000
416,1146100
197,2353100
217,2639900
925,2133600
169,1257400
5264,4028100
4721,2747800
160,1054900
656,867100
2518,4251600
3284,1019700
4277,4181000
5181,1615900
161,980800
177,1453700
1025,757000
162,1023400
326,2063000
418,1323900
14741,490753500
344,2584100
142,483400
906,949500
476,3123200
134,250900
1217,2647900
661,998800
166,1113600
160,1006000
680,1486300
8329,2285600
385,278300
218,2488900
139,404900
978,2706200
732,3285400
1037,1067500
316,1827900
497,3211400
195,1935100
249,3318400
207,2314600
1708,2580500
5588,2560500
3636,3816600
304,1504900
1712,2498900
174,1562000
310,1693600
191,1827000
248,3565900
1969,3112300
4622,3652500
1577,2123300
257,207700
472,3094400
2232,3266400
3539,1276600
231,2866600
1521,572100
226,3341700
543,1531000
248,4101700
146,593600
547,1467200
1276,1010100
761,460300
181,1621200
1060,1700500
365,3280700
207,2751000
645,573600
1304,1806300
462,2510900
643,730500
711,3105500
404,876400
4879,3958300
1795,1485000
3862,3364700
134,366100
283,1119200
497,3503800
212,2712300
705,2664400
185,1805900
152,744400
1472,2674600
12565,5810800
545,1263900
132,206400
218,2517000
639,455300
260,452800
318,2107500
4798,1361700
238,3493000
231,3062500
388,410800
14433,5585500
404,811700
354,2872800
223,2631300
923,1418800
239,3374400
7641,4600900
1624,3633600
944,1948700
399,690100
138,359800
711,2338100
861,3478700
1423,1512800
4503,4591600
285,1003800
452,2868400
588,2450900
167,1320200
423,1303800
247,3304700
172,1372400
210,2390900
1920,1320500
12676,5895500
8791,4871100
141,556100
279,1305800
411,972800
861,2992000
1384,3886000
1608,3298300
777,1042800
338,2670300
2543,1291500
166,1069400
381,178900
134,291600
872,3591800
1248,3419200
1150,678300
246,3281400
286,1084100
686,1731800
2945,2346500
2793,1285200
7012,4019500
363,3635900
767,504600
1052,1546700
239,3277800
1064,1805100
219,2834900
238,3073700
226,4332100
869,3439100
738,3440800
181,1581000
738,3061600
569,2077000
1208,2624600
180,1926300
2529,840900
136,304400
1453,2091000
356,2905900
426,1389000
248,3438500
377,3667700
265,519600
129,141900
16060,6209300
718,2601700
2777,897800
2487,3192600
1270,576200
988,3280500
4746,3355800
641,446500
228,2771300
369,3233800
3143,4712400
134,266100
322,1939600
4156,4219900
237,3041000
157,911500
1716,2416000
160,954700
874,4135900
480,3098300
205,2194500
663,1083200
620,3180400
152,740000
2500,3698100
2034,1129200
266,441000
264,426200
376,3345800
170,1476800
1918,1267800
231,3042300
330,2513500
2511,3805300
2663,1062100
7294,4533600
295,1512000
143,507500
166,1081200
15203,5599300
852,2765300
505,170500
624,3476600
3913,1193000
447,1956000
697,1989000
185,1859600
169,1202600
1086,2345600
182,1558800
2942,1796800
2507,3637400
253,102800
1795,1295800
434,1632900
702,2301800
1104,2806100
264,387000
140,428900
2447,1986000
167,1443000
4958,2880200
377,3463800
317,2012500
162,1007700
190,1834100
130,155400
378,108900
968,2705000
1829,2175400
2102,2837500
431,2246100
264,408900
5535,4959600
216,2490300
3363,3028100
383,229800
344,2813200
450,2105500
385,319600
335,2403500
839,2522400
4994,3386500
179,1506300
157,890300
752,3495400
1131,3668500
253,150700
132,214000
909,1131200
446,2082800
368,3610700
4808,1804500
1948,2264400
496,3386000
471,2562200
259,336200
832,2231100
1758,3622100
135,276200
1269,682200
328,2089000
3417,1132300
270,568500
1370,3738100
178,1521300
346,2900700
2258,3850700
1887,3970700
629,3596900
161,965500
1061,1646700
141,464600
600,2767800
388,366900
511,372200
367,3384200
133,286300
3551,1506200
6204,2440000
196,1979900
3484,3181600
447,1965400
430,1611200
247,3435200
140,465800
5401,4416200
3485,2941800
4455,2325000
211,2357500
197,1923200
199,1934600
335,2651000
130,157900
704,2148300
7643,3853800
549,1309300
620,3192800
195,1847700
5831,2479600
2104,2811700
176,1339500
266,480100
821,1996300
1049,1487300
517,604300
172,1246000
187,1639100
190,1709700
172,1471700
3981,3451600
730,3259900
357,2841700
229,3099900
234,3301400
1290,1121000
1152,885200
2589,2528900
161,1009100
349,3119000
2451,2051300
457,2537800
661,1242200
140,507400
224,2757900
1209,2398000
639,497900
1237,2988500
908,904300
556,1554400
2009,3575800
4440,2086600
252,72200
494,3195600
976,3953300
235,3017800
460,2408500
5744,3652200
600,2835400
186,1679600
1311,1702200
2819,1865000
172,1297900
516,446200
804,1556500
554,1516800
215,2527500
4729,3075800
431,2345600
390,439800
208,2522300
251,3528000
3933,1749800
271,599300
829,2587000
1197,1922100
326,2032500
436,1623100
140,431600
1059,1601100
189,1680300
631,178400
4399,4305400
1141,593200
773,655800
177,1454600
134,332700
615,4179800
3773,4245700
1545,1265200
1096,2608900
242,3833400
14372,3791500
3368,3511300
306,1590200
284,924800
3851,2983800
617,3581200
423,1630400
376,3727900
668,1309100
3830,2565700
1824,2227300
186,2177300
479,3336700
450,2218500
376,3452700
181,1600100
588,2682800
409,1175500
6009,4015300
1088,2534200
522,633600
2389,3936100
1104,3096900
266,483700
363,3120800
3021,4049600
891,605800
2069,1828600
523,693800
581,2196100
4185,1997900
916,1379400
3107,3016500
314,1824800
1481,3006100
4235,3287100
506,225100
202,2122800
447,2077500
9260,3872700
6467,2595100
173,1287500
2004,3534300
247,301343600
7987,3520400
2454,2199800
283,1007000
996,3280100
133,268200
4870,3530400
216,2510800
1406,873300
229,2966600
313,1693700
369,3258500
396,601200
217,2495900
327,2269100
2888,3759400
126,46900
4241,3238100
687,1668700
277,755200
2025,834300
1880,3567200
4074,2410500
202,2124400
145,587800
599,2931100
1940,2080100
2074,2170100
3229,2847300
1211,2706700
297,1491600
5302,1544900
140,453100
871,3517100
1361,3455500
213,2501900
2717,3066300
3478,3200600
1314,2097800
543,1207400
771,826100
1094,2850400
398,806000
9145,4624300
2268,555300
128,155300
723,2714500
163,1055900
235,2998500
2120,3244500
409,937200
1263,457700
6524,4243700
166,1144000
186,1722400
251,3418800
236,3131900
957,2172100
214,2872200
306,1635400
243,3209800
1756,3644700
130,178800
385,276000
8714,2610900
1336,2561000
430,1539500
561,1720500
2781,963000
453,2187500
441,1968200
230,2841000
807,1546200
275,740800
285,982700
326,2738300
359,3086400
921,1334900
12368,3545800
6108,3153600
418,1138300
2018,592100
964,2649800
7727,2923500
165,1118900
142,469700
4946,2336500
205,2230200
7996,3425200
402,914300
135,334300
1437,1916300
158,976500
428,1501000
141,514600
225,2787600
5836,2678600
321,2024000
388,413800
275,751400
941,1867700
1213,2513400
837,2483800
147,620900
3756,4921500
209,2745600
128,143500
453,2762700
1788,1262500
280,912500
1933,1867800
4405,4543900
250,3440300
231,2890900
3878,3611900
280,905500
1071,2072600
435,1637800
230,3256200
6803,5290900
356,4484700
199,2167800
213,2413800
183,1668900
1824,2010100
869,3375900
268,570400
884,336500
389,486700
895,551600
194,1928500
1021,598700
303,1438000
2774,643000
435,1651200
892,503500
250,3278500
204,2346800
649,666100
1080,2213200
768,563100
8943,5390500
545,1226500
1020,566500
449,1982800
1483,3159200
270,552600
6561,1796700
140,480100
1123,3356000
233,2908300
1064,1811800
6393,4242700
1555,1575800
1647,650400
135,282100
1554,1663800
739,3322600
1087,3028300
180,1687300
233,3120700
160,1046600
249,3317000
651,812100
216,2990400
930,1514000
190,1713100
246,3340000
2944,2014400
337,2390300
1488,3260700
1245,3306200
1084,2327400
1439,1788400
1990,3160400
178,1757000
410,1025600
7656,4498800
503,3455300
353,2881800
3314,1792000
126,58400
153,810200
749,3414300
2164,1105300
176,1379900
557,1643700
3406,935600
7520,4171600
126,45000
265,405900
3253,3362000
1369,3278500
5440,1904500
352,2866600
298,1304900
165,1296400
459,2258400
623,3299700
1913,1037600
1127,3465400
256,257500
570,1903800
215,2399800
698,2386900
969,2704100
422,1278900
224,2862900
127,75400
391,457000
677,1501500
392,488700
1598,2690100
534,973300
354,3069200
433,1580500
145,557000
243,3143700
220,2680600
598,2784700
158,902300
206,2229000
156,926800
238,3792300
676,1671500
567,1890600
203,2097300
169,1240900
423,1316300
257,209000
265,407100
484,3236300
702,2389500
436,1687000
1223,2760800
2227,2754700
1359,3287800
1617,3369800
674,1777200
247,4092100
11323,6117200
1018,756100
611,3200000
1781,922300
201,2249300
177,1443400
232,2886400
1995,3158800
131,173500
955,2337800
7089,2718800
272,761900
1141,444900
724,2836200
2198,2009900
413,1007600
1483,3100000
165,1277300
335,2432600
2680,1494900
892,458900
184,1808200
448,2283400
174,1358100
11890,4167900
13350,6497800
1601,2773000
243,3376400
295,1250800
13138,4194800
4310,1693400
385,315000
225,2853600
893,580300
790,1138000
253,125100
638,381900
148,610800
2981,3014300
233,2882700
386,382000
1769,710200
743,3344100
164,1204800
1083,2495200
547,1336200
138,378800
227,2733600
413,1317400
11975,3859100
242,3954300
1394,670300
10624,3854100
3204,2142100
480,3245000
2156,1106300
215,2601800
873,3345500
131,200100
493,3124900
1460,3301800
252,73300
188,1718200
4905,4508300
473,2719400
684,1582300
185,1606900
141,431700
605,2856400
1417,1162500
1327,2494300
766,461000
287,1060900
206,2216800
347,2660800
244,3273500
16633,4120800
361,3069800
9631,3774500
4221,2837600
1028,763100
413,1059200
449,2060000
2122,3571000
179,1464500
2290,1183200
130,152400
288,1034000
238,2967700
987,3091200
215,2448600
1724,3385900
11760,4520300
2152,788800
1390,422700
2004,3632500
2023,663000
769,515700
984,3150900
1951,2033100
144,529600
135,301300
686,1651600
317,1779400
1113,3131300
859,3252600
147,808400
1312,1744100
488,3270800
205,2088700
159,933300
361,3002000
388,361800
152,773600
262,354200
460,2254200
147,626100
12874,3780200
364,3485600
154,1014200
855,2811600
1207,3463700
215,2998000
159,1163400
458,2334900
132,230300
2908,918100
14549,5074200
1039,1091800
365,3191300
548,1516200
957,2534900
174,1341600
1597,2706400
2625,3425900
1011,306100
8362,3535300
182,1581700
371,3355500
194,1914400
953,2154800
748,3549400
142,548000
2849,2842100
2535,1017100
352,2734800
128,118600
1541,1102300
131,174500
154,786000
755,3614000
567,2449900
162,1003900
2026,915700
248,3717400
214,2403100
2129,3622000
1043,1218000
1877,3609400
898,747500
557,1619200
2017,504200
267,495200
213,2364500
551,1414800
11654,4393600
497,3511800
11613,3323800
189,1811000
165,1172400
3120,3575100
1558,1628300
576,2217100
285,972400
3846,2848000
8099,2916000
145,583000
5477,2814800
128,120900
184,1571500
177,1453500
216,2410300
173,1314900
301,1400100
1435,1951900
239,3030000
621,3317200
1935,1680000
1443,1801100
166,1111500
143,482200
476,2964700
149,783300
1119,3298000
363,3230500
420,1224500
167,1123300
1449,2133800
392,599400
481,3001100
130,149000
227,4404800
165,1366000
3190,2150700
126,43200
15760,3975400
155,826300
1799,1408300
260,279700
830,2327000
4099,2689600
313,1673400
153,838800
1310,1694800
189,1734900
936,1665400
923,1500200
3745,3935500
976,3000900
456,2430800
353,2720500
195,2752900
561,1778900
144,571800
232,3482100
10087,3163900
1172,1701500
210,2952800
148,781700
137,469900
136,332200
147,1001300
257,360600
475,3209000
2487,3191000
348,2796200
3512,3881800
757,228800
417,1101400
170,1244200
146,607300
350,2923000
150,817000
12322,5708300
161,1079800
149,636100
361,2970000
1009,302000
2855,2984600
1893,553400
7387,4186600
800,1430600
419,1274300
263,364400
3341,2753700
239,3115900
587,2929700
6674,5229000
2403,949100
898,873400
415,1299400
186,1927900
576,2137200
210,2519100
3758,4226300
320,2356600
5377,3753000
928,1500100
126,45800
299,1446400
14962,5907700
135,283700
1829,2205100
194,1867800
1606,3114400
3426,1522000
360,84550500
2424,1631200
3538,1250600
340,2532500
236,2967500
5965,2567200
546,1332500
1728,2848400
194,1910100
16356,6426700
276,729200
242,3175900
1264,469900
4028,4156200
553,1645500
2254,4032100
287,1319500
1000,4073000
1193,2078900
765,446600
362,3061900
6406,4510500
377,3535500
2033,1193100
16055,5544600
1922,1410200
820,2083800
447,1949000
1098,3965200
10348,3151800
1790,1206100
302,1535100
426,1456100
1737,3203800
6407,4778300
140,543300
183,1599200
3810,1785000
4947,2257600
322,1992000
3753,3554800
193,2146700
5172,1907200
590,3032800
1686,1831400
1145,538800
514,604300
333,2289100
244,3198200
137,352100
498,3410200
209,2318700
764,492000
2477,3217000
491,3424400
292,1177000
126,44200
154,820200
359,3628900
456,2793100
1432,2030000
297,1408200
1513,642900
616,3608800
676,1472200
151,720300
2427,1574700
19439,6244900
18862,7097600
253,117600
133,237800
338,2659300
238,3203500
414,1191300
13039,4869000
2552,1496800
1166,1174000
1322,1958700
156,847300
2063,1916600
8045,5150800
281,882900
297,1323900
2331,3101500
1890,418500
8910,4709500
2415,1123600
1074,2057900
389,402500
157,901700
132,211700
197,1986800
218,2731300
126,43900
852,2883600
405,894000
153,850400
855,3911900
789,1268300
519,571900
368,3298700
835,2397100
824,2052400
341,2653400
5748,3854500
17479,6683800
7613,3140600
227,2998100
159,1020600
2356,2952700
1104,2755300
312,1658600
494,3299800
4798,1503800
130,234800
348,2938700
142,513700
623,3930500
709,2560300
2689,2951300
2065,2161500
146,570300
865,3368200
1241,3340800
485,3182900
555,1692800
5186,1831600
570,1910400
490,3262500
126,45000
385,337400
134,325900
2947,2020700
662,1057800
7233,3035400
201,2092400
771,715500
492,3395800
8007,3801400
206,2134600
369,3225800
2658,1039200
1349,2962400
177,1580200
173,1282000
200,2548100
2342,3242300
5679,1778400
539,1073700
1362,2976800
517,484500
14610,6726700
289,1055000
15905,4686400
2997,3552400
258,273400
1998,3792400
621,3490600
130,158500
960,2610600
418,1189700
993,3172700
920,1271500
1186,1772400
2906,1019000
632,344200
138,455000
181,1787200
2018,546800
1208,2240400
474,2892500
513,404500
218,2492900
887,387400
294,1431200
1495,3664800
6145,4071000
738,3217500
2403,889100
205,2219400
2598,2826500
308,1628400
1342,2522300
174,1366600
272,650600
1296,1267200
130,201400
212,2379500
211,2362300
203,2116100
414,1153600
716,3662000
3529,825800
301,1394300
588,2440400
3213,2498500
668,1297700
295,1333200
2227,2959800
979,2913700
131,185700
204,2258500
3013,5112600
1382,3585700
465,2661000
302,1395900
1717,2998700
13337,6042000
5460,2441200
290,1322500
212,2361600
253,98700
189,1733100
171,1247800
215,2428000
1002,3485700
560,1609900
549,1516800
2317,2136800
263,410700
344,2749900
1460,2274300
1745,3235400
14117,3498100
4677,1533400
1945,1943800
1593,2847500
704,2544700
146,725300
2136,4389600
424,1344800
170,1195600
438,1904000
2877,3806300
406,899300
4344,2530600
795,1230500
431,1524700
1425,1541400
1617,3221800
363,3303000
155,870000
131,189000
136,367500
192,2041900
131,180400
361,2907200
217,2926600
513,467900
766,578800
6160,4578700
737,3182000
138,387500
472,2657800
1031,827800
338,2344900
8337,2688600
137,538000
270,566500
1247,3278100
4048,1473400
1016,452600
1407,865200
235,3221800
1700,2471400
269,578300
1326,2420700
372,3338700
388,359500
666,1158800
145,593300
713,2421900
146,634400
5669,4784800
141,579100
1978,3307800
3108,3004600
334,2258500
647,632200
4679,1635500
725,2952800
131,237000
420,1531000
4296,1724300
6862,3567000
741,3345200
151,797100
180,1489200
214,2626700
1388,460900
186,2043200
552,1793000
2533,915500
679,1447100
249,3332600
3024,770700
1307,1642900
1445,1867200
505,170100
595,2540300
346,3056400
138,358500
704,2220400
232,2957600
171,1218800
126,41500
173,1338300
708,2320000
366,4225500
996,3385600
518,546800
159,1287800
147,637000
5306,1529300
499,3771600
907,901800
1584,2653400
214,2990100
139,532500
215,3020600
5915,5111200
2045,1355500
1359,2976800
14745,3693800
1779,1158400
192,1934900
3448,2203500
1977,3042300
3518,4801400
427,1397100
198,2283000
1148,700600
376,3564000
196,2066600
448,2056000
1777,753900
426,1648800
1073,2263000
3546,1355100
8224,3057900
342,2614500
1570,2022400
10157,5036400
237,3236300
618,3318300
473,2601200
1634,3889300
10279,4262100
4005,3641400
404,791300
203,2065800
371,3210800
12595,6563200
1049,1384400
265,466900
1381,3530400
346,2605800
150,794100
136,355400
178,1467500
1768,631100
268,557000
401,704000
5527,4301600
191,1774300
1047,1275800
1179,1501500
258,234800
1641,473100
727,3072900
2876,3363400
16978,6836100
5314,2098100
421,1308600
2117,3232300
1363,3169500
1008,236400
142,452800
338,2351200
7930,5088400
329,2290200
379,131700
552,1419800
1627,3312600
649,666500
408,1080400
1929,1760300
609,3142500
2144,571600
163,1011900
382,206500
6386,4046700
5226,2951500
305,1504200
219,2629200
192,1919300
3766,3901100
365,3102300
380,166500
708,2318400
205,2147800
250,3352000
576,2063600
180,1789400
259,263100
8673,5094800
145,540300
141,463600
1503,3595300
674,1599800
2455,2366200
522,659400
475,2726200
442,1914500
151,687200
809,1709500
149,816800
6597,2764400
391,440400
1350,2651400
133,270100
323,2838900
6066,1991000
156,1116100
3628,3663200
127,73800
1284,987800
3258,3926900
2743,3481600
1242,3491700
3492,3489200
1766,498500
142,487100
342,2717700
1043,1177400
186,1712300
614,3129400
329,2592700
158,884200
1493,3497800
499,3698600
155,927000
2320,2193300
6587,2527500
2442,1868700
148,620300
349,2684100
261,331200
240,3199700
12066,5596000
2521,695500
659,1028800
526,789000
352,2813500
8757,3835100
270,551300
1145,569600
175,1489800
3481,2963600
3540,1158900
672,1383600
1367,3252000
210,2515400
151,710500
126,42400
2127,3558400
540,1234300
1469,2903000
9472,2939600
129,126700
2939,1767500
434,1753500
170,1290800
3006,3761900
214,2467800
132,216500
233,3021300
2081,2272600
142,491200
1518,526800
733,3485800
1182,1806400
1309,1661800
226,2742100
3168,1723200
393,504000
2968,2556600
202,2259900
196,1929800
617,3113700
189,2532000
239,3324600
168,1346400
312,1891100
15806,4999700
3849,2713500
342,2894200
264,451200
300,1423500
2292,1493600
232,3043600
6535,4455700
457,2182600
322,2048900
199,2293700
776,702100
140,497400
246,3234400
879,3543300
13111,3203900
5512,4050600
159,1002000
273,652200
1114,3063500
558,1813300
185,1705000
7026,4156800
16607,6974800
834,2271900
801,1340700
162,1009000
315,1726800
18811,6097600
4417,1466900
9465,2911000
506,179000
8878,3907800
342,2845900
914,1356900
151,735400
468,2521900
270,559900
2947,2204200
3125,3528800
1794,1403400
302,1514800
8115,3400700
356,2829600
211,2283800
1335,2221400
1287,1204600
1478,2924900
6867,3394100
3973,3059200
546,1327000
158,913200
377,3604000
3713,2469100
385,355200
1024,669800
3153,978400
627,3587400
275,744000
8156,4452500
2463,2464400
586,2359300
232,3064400
371,3622400
1822,2957000
148,671500
155,815000
455,2206600
209,2254600
207,2445800
9852,3131500
843,3873600
882,256300
2183,1582600
675,1414400
1178,1508700
143,479700
3785,1197200
257,203400
601,3428600
6911,4738500
2861,3004300
4125,3527000
369,3273200
144,666200
8826,2255000
2235,3078700
593,2524900
554,1552000
393,637600
200,2470800
1681,1587300
216,2482100
353,3008800
673,1419900
1073,2015200
234,2973200
923,1319700
771,702300
134,278900
211,80466200
156,889700
156,850800
171,1283900
2800,1397500
2235,3051100
367,3304100
6175,1419100
161,1033100
263,359700
3760,5218600
7115,3374400
477,2737600
525,686400
185,1743200
815,1828600
1732,3455300
395,690100
675,1386900
1399,838200
1588,2388000
778,767200
2838,2408200
927,1390400
472,2923600
2430,1706400
14141,4485700
1532,966800
136,315000
428,1461300
535,972800
128,98000
917,1172200
333,2258200
2169,1427800
934,2117200
269,530800
4225,3142100
657,966900
142,560400
297,1329900
139,503900
606,2887000
128,101400
250,3597000
781,901200
184,1579400
734,2939200
833,2233300
601,3025500
2420,1428000
197,2004500
141,447400
814,1745200
228,2962300
543,1221500
250,3543700
126,55300
165,1135700
539,1069200
4023,4811300
1408,1235700
403,891400
1486,3177600
280,809300
1013,387100
941,1903200
416,1242700
871,3428800
5182,2054400
139,447500
484,2934300
135,344100
8007,3836300
1698,1992500
206,2262900
670,1411500
2618,3788500
246,4991200
1624,3522100
2605,3134000
1252,3501600
708,2209700
8651,4245600
422,1277400
160,1028500
377,3845600
2653,839000
973,2712300
2542,1278400
160,937500
419,1212100
1530,778300
319,1835000
218,2535800
206,2233600
11554,5245300
126,43900
342,2560100
266,470000
153,777300
202,2147500
4315,1801100
2706,2292500
2887,3792600
1549,1544100
217,2670000
184,1848900
910,912900
144,622100
135,396400
503,3957700
5289,4741100
241,3671800
389,494400
1276,804600
195,2105900
763,418500
180,1589300
200,2026400
6681,1777300
1122,3255500
1220,2622500
262,451400
1164,1095500
155,876400
144,529300
158,955400
2496,3568500
151,886200
2732,2941400
2805,1904200
158,922100
280,887300
1438,1966500
139,384000
327,2294000
2245,3205200
1048,1342100
369,3978300
3373,3844200
338,2388900
2604,3034900
6253,3941800
465,2637800
3415,1234900
200,2271300
537,1070600
138,360000
432,1622100
175,1398800
141,435300
853,2862800
5624,3813900
3780,1032600
395,592300
675,1505200
3792,1269800
14644,4442300
636,423300
235,3303000
354,2985500
322,1925200
11464,5897800
651,747600
547,1551700
2391,4251300
576,2205400
318,1936300
487,3077800
188,1739600
298,1335600
909,946700
660,1026000
261,408400
342,2542600
792,1148500
1474,3083800
338,2417200
3046,1295000
16694,5747100
759,282000
8358,3211000
591,2399700
1761,3881500
1503,3939500
8047,5072900
408,1127700
1367,3941300
351,3041200
499,3432600
9292,6004100
228,3028000
556,1686900
264,394100
311,1805400
323,2443800
173,1312000
264,382000
221,2623500
1496,3399200
188,1710500
156,873700
136,297200
782,984500
756,198200
307,1589900
7637,3918700
6366,3255600
158,863400
10536,4459800
3511,3870900
684,1787400
402,755500
384,292200
179,1511500
320,2029600
588,2573800
771,681800
601,2721700
7633,3969600
1186,1712200
878,3516300
10363,3308800
830,2231400
376,4236600
584,2457600
235,3261000
11314,5637600
19327,6349400
3935,1835200
169,1208700
957,2581000
183,1939700
2792,1244500
129,146600
127,163500
165,1175900
788,1191600
1144,711100
6568,2313300
10355,3368600
217,2678000
187,1819600
393,531000
10217,2677900
1513,413100
10377,4370000
675,1511600
559,1716800
1094,2719800
405,1007500
475,3102000
1396,681400
663,1046700
637,428500
2691,2083300
309,1656300
338,2449000
144,612800
536,1229500
197,2354100
1727,3677400
152,954700
311,2225700
12940,5653500
324,2413900
178,1831000
250,4248100
146,717900
1600,2778000
159,975900
321,3072800
127,82100
965,2502300
418,1197600
948,2211100
8592,3045900
186,1701600
1990,3345000
168,1210600
3332,2416000
884,278100
1320,2291500
231,3051200
167,1640900
6542,5274500
307,1665900
160,1150800
762,379200
1996,3416500
678,1759200
342,2991100
1620,5209300
1369,3525200
353,2813300
432,1648200
1195,2126400
4935,1728600
217,2491000
381,200400
4977,2927000
1812,1821300
2255,3655100
8035,5004200
12278,4588600
540,1106600
3077,2294400
1393,637500
3725,2849300
208,2310700
346,2620100
7573,2093000
9517,4025800
567,1834800
552,1483200
194,1979400
183,1560700
2148,785300
17320,5690500
251,3618400
5661,4971200
364,3232800
135,385600
205,2204200
497,3517200
791,1156300
1607,3237500
3113,3452000
712,2519700
986,3053100
3916,1274700
143,523300
207,2193200
3215,2847600
1550,1428800
135,281900
912,1074100
929,1500400
5813,2007200
2854,2993700
3067,1887700
258,247900
13511,4696900
154,1020200
405,1035200
463,2862400
224,2811400
184,1747100
1274,677100
502,3385000
227,2825800
1754,3489200
176,1770200
1549,1556900
151,824000
670,1196300
199,2049000
434,1610300
161,969300
144,663900
2544,1426800
2251,3455600
190,1895700
430,1522500
329,2103000
1332,2329800
1433,1770600
4605,2870500
3213,2580300
1638,381600
235,2991500
151,703700
309,1767800
11402,4840000
685,1844400
2850,2716000
524,662400
193,2013200
8892,4070600
283,915300
221,2694300
199,2142100
209,2252800
338,2446500
489,3147700
3064,1938000
525,810400
329,2181100
270,766300
1475,2924400
644,571800
348,2619400
227,2771700
1371,3425900
667,1172100
592,2872200
2195,1966700
322,1913600
256,192900
451,2050000
2839,2450400
733,2920700
209,2351100
1536,1209700
433,1684500
219,2591600
2073,2060500
328,2222600
1950,2141900
2458,2322500
588,2411500
779,807600
223,2817900
286,973100
3563,1882800
4319,2056600
11911,5156900
178,1661200
9619,3431200
7981,3015800
156,813000
215,2732400
763,495000
619,3226300
600,3203500
177,1422000
188,1733200
684,1705600
1496,3474600
392,510100
5498,3620600
216,2459000
483,3185400
381,203700
267,489500
252,87700
482,3066000
203,2233200
189,1778800
1546,1389900
871,3617600
247,3621000
255,162700
2924,1831400
146,606700
429,1451100
1995,3352500
507,289000
4128,3559800
694,2137000
1133,3724900
143,530600
4946,2033300
139,388700
3748,3413600
1390,450000
1936,1741600
2311,1961300
127,77900
162,1063200
700,2113200
184,1563300
318,1786000
160,1331400
468,2522900
6825,2546700
155,962100
831,2454900
188,1897800
3693,2048200
224,2755100
291,1099800
1614,3121100
530,1031300
463,2686300
251,3801600
187,1672200
269,501600
274,663000
2437,1674500
305,1483500
411,965300
136,427700
342,2609300
15763,4014600
6445,1993400
4156,4382800
1448,2056500
569,2333000
161,1025300
10181,5785600
7283,4689700
1547,1353700
1975,2762200
209,2593100
4263,3997100
5040,1277600
198,2000900
351,2843600
206,2218100
8667,4786200
6198,2034000
1617,3230200
344,2499500
218,2670900
270,654800
3950,2462500
168,1232300
5665,4850400
1737,3309700
1884,3706300
292,1612000
706,2327000
209,2269600
875,3501200
474,2620900
2457,2312200
255,172300
1049,1985500
576,2264200
1314,1886800
399,692000
3766,3893200
162,1120100
8802,5193900
277,971300
155,821900
147,655900
137,477300
489,3334500
914,1098500
817,1941200
1632,3929900
4924,1635400
177,1617300
146,591200
8478,3829200
1115,3224300
7733,3756300
1711,3373900
1539,1667000
244,4654700
177,1854100
8437,6094700
131,246300
132,261900
1044,1268500
919,1393700
1621,3439500
4056,1682300
441,1780700
307,1610400
492,3155900
10397,4200000
646,619700
197,2008400
341,2493700
299,1305700
147,618300
355,2891300
1444,1877300
1704,2885700
393,683300
2365,3423100
169,1159400
443,1888000
168,1157900
294,1196400
769,565700
149,635600
493,3502500
287,1025200
958,2605400
871,3460200
567,2039300
655,830600
275,695400
1890,411600
1656,898900
336,2469000
533,1173600
142,592800
444,1837800
172,1241700
14291,4772400
966,2496600
161,1240800
1206,2665000
185,1712000
164,1202200
652,797800
18030,4786700
12229,3027300
1779,883900
211,2545200
194,1933800
2131,4022500
3273,5179700
1365,3960500
134,325400
6450,2406000
240,3103000
432,1552200
290,1137600
8406,4381200
11984,71031600
860,3107000
147,606000
1695,1960000
150,683500
622,3529600
669,1336500
767,473900
159,903800
317,1745700
1685,1614300
215,2352900
486,2958300
1708,2235100
1724,2695200
402,721300
1653,787500
165,1041300
1938,1704700
425,1314200
173,1427000
977,2682100
717,2379600
260,341500
752,3437300
301,1354000
1366,3462200
236,3819900
491,3188000
162,1333700
969,2926800
668,1236100
2269,648300
547,1319300
929,1447800
189,1692700
588,2397400
278,759300
247,3339300
306,1575500
436,1695200
5378,3897500
1478,3021000
184,2354100
3363,3169500
657,962400
229,2811500
382,223600
3442,1864600
901,720000
129,122700
383,307700
365,3214200
1046,1248600
159,1156800
291,1217600
402,895600
329,2139200
479,2773900
529,836500
399,752500
665,1106800
14878,3780100
780,799300
152,794500
1671,1404100
754,3786000
234,3020700
142,540500
478,2952400
1098,2658000
184,1540900
8201,2342300
2662,1309600
945,2439900
168,1222900
236,3314600
695,2361700
5143,4599400
2570,2087700
3689,2126300
13227,7243700
159,1150800
168,1146300
255,265600
343,2991600
667,1462800
254,160400
732,3472400
145,632400
1174,1407900
262,394200
134,506100
193,2087900
137,371100
171,1352200
1072,2362800
9462,3318600
10274,4431900
226,3008800
136,520500
3151,923400
8751,4097200
253,103800
238,3064900
2761,4625700
2480,3139000
314,2361100
8627,4374000
152,773400
1263,386100
181,1731100
818,1954500
210,2369600
156,983400
6837,2638900
2309,1673500
171,1268700
143,583300
3309,1846500
157,934800
775,710900
4519,4047700
173,1606600
656,1048400
602,3683500
4431,1799300
183,1743900
570,2152300
629,3621300
173,1695700
946,2546600
228,3418500
4528,4544400
1688,1761400
128,107600
727,2848600
642,469000
249,3736000
137,359500
246,3836400
598,3494400
1813,2212300
2495,3862900
994,3834900
163,1472700
16709,6436200
584,2672900
1984,3125500
1582,2578400
145,756300
451,2719600
137,434900
196,2437900
1080,2910300
1046,1513200
189,1903300
2433,1776000
1881,3639000
3879,4374900
722,3045900
556,1651600
11995,3680200
165,1360200
221,3342400
132,290100
209,2788500
3490,4013300
4750,4229900
147,748500
4921,1533700
4914,1165300
194,1866000
470,3302700
1122,3476200
251,3960400
336,2317200
664,1054700
635,352600
142,512100
10106,3438100
835,2790600
263,374100
145,947700
2151,897600
4811,1996800
128,129700
145,549000
1394,777700
352,3630200
6365,4111500
174,1647700
1758,4243200
1567,2420700
429,1656800
177,1445100
349,2659000
769,803300
1082,2384000
1752,3804700
204,2376600
571,2171100
5535,4640800
638,486100
305,1557200
144,554900
667,1215700
1139,439400
2336,2661600
3431,1665000
442,2108600
275,724500
183,1734800
191,1827600
1413,1117800
148,784200
129,214300
257,207900
282,906700
409,918300
492,3219800
388,386800
843,2772800
888,459600
3633,3731200
260,296600
17328,6297800
184,1938300
564,1785700
150,745800
248,3636700
167,1665600
1551,1616400
9546,5252000
163,1148400
590,2723900
273,648200
424,1446600
469,2814100
450,2323400
329,2265300
2985,3145300
1292,1133400
2421,1369000
365,4793400
503,3456300
5545,1345300
134,292700
851,2746300
427,1464200
633,233100
1528,808200
1405,815800
148,724700
127,80600
701,2196200
168,1242500
2349,3385200
1792,1327300
267,462600
137,356100
4309,1872200
385,374400
303,1624700
530,1048400
10303,5793000
1556,1647300
599,2814100
373,3299000
610,3058600
1628,3694300
329,2218700
18458,6990500
527,795300
3296,1256000
157,930000
164,1053000
373,3527600
435,1684300
175,1486500
654,876700
137,346100
339,2482200
139,464100
169,1152400
451,2007400
1093,2505100
434,1879200
721,2710300
1721,2647700
950,2041600
226,3706800
254,142300
6920,5176300
1029,797400
2360,3279600
3648,4249800
1360,3192200
1894,593800
193,1896400
1673,1470700
224,2693700
4724,2794400
598,2989500
258,252900
1905,948000
293,1186900
972,2595400
407,898800
649,645800
1085,2337100
2111,2969100
176,1375000
303,1410200
1318,1789500
202,2049700
218,2460000
223,3307100
435,1948500
492,3269800
305,1490500
184,1576500
403,784400
273,610500
647,632000
4281,4691100
245,3498900
1327,2110700
154,841800
140,466000
633,375600
200,2059700
835,2402200
699,2138400
2363,3412600
180,1500200
138,361800
142,479200
161,977100
129,125100
398,808600
373,3528500
1345,2724500
11308,5166800
176,1406300
127,73200
301,1420100
918,1285600
344,2517900
340,2528300
301,1554000
533,916300
362,3396400
230,3089600
696,2021400
148,697800
1588,2333800
272,629600
126,58100
126,46000
5088,2622400
1688,1787800
6386,3829100
798,1299500
435,1640200
226,3412400
218,2840300
1788,1109100
240,3224400
236,2890700
577,2141300
602,2692000
1889,3874700
326,2161300
1411,982200
128,97300
221,2582600
484,3070400
601,2840300
152,850900
1233,4028300
618,3240700
621,3274200
9934,5199500
174,1792700
229,2918200
391,473800
563,1696600
235,2972100
2341,2438800
171,1210500
281,866200
243,3473200
189,1776200
1098,2636600
273,653500
1687,1857700
140,463900
229,2853600
1765,486400
2091,2653200
7341,2816700
453,2149400
7126,3589100
6992,3291000
518,515900
1294,1216700
149,663200
295,1247200
480,2903600
672,1263700
612,2999700
208,2256000
472,2583400
252,70900
3220,2682700
369,3261200
178,1755800
201,2102500
186,1678500
860,3067000
326,2242800
381,270300
918,1349100
156,1082600
4657,4404600
429,1483800
2593,2567600
210,2262200
129,143500
745,3239900
2986,3113400
1160,1495600
306,1934200
804,5996300
517,465600
2256,5335500
336,2449200
282,858400
138,377300
229,2769300
712,2348000
516,431400
170,1236900
158,884500
353,3088400
6984,3355300
136,386000
1887,3838600
546,1299300
496,3903900
1807,1771700
6641,4035000
182,1747100
165,1122500
755,4062300
613,3212300
842,2552600
3646,4060600
1410,984700
199,2237600
13617,3497200
390,415400
318,1840600
218,2571400
133,230600
374,3354200
3057,2104700
865,3668900
1694,2431200
1026,913700
142,577700
144,662800
163,1288300
306,1762700
279,903400
126,118700
378,119200
2193,1908000
370,3340700
481,2985400
2726,2725000
2789,1042500
856,2961800
1461,3508100
4749,3751700
2985,2969800
6341,2602600
962,2586500
487,3228800
263,367400
172,1289800
187,1666000
1147,752800
805,1927800
284,1146200
12432,6468500
247,3425500
568,2174000
383,239100
2588,2556100
3314,1782600
150,647200
289,1182500
9477,2990200
195,2077700
879,3668700
774,679100
238,3330100
302,1429500
5247,3447500
455,2564700
3968,2656400
217,2548700
1515,471200
2347,2686100
1001,3435100
193,1837000
367,3285500
12362,3242000
165,1062900
128,97100
1506,3503700
3348,2605600
7985,3402100
251,3364100
2854,2807900
2005,3952000
4931,1684000
1512,403000
4675,1552400
156,1067900
796,1494300
140,409100
278,759400
890,449900
522,792200
493,3281400
271,787500
220,2802200
769,527800
838,2367400
477,2791400
128,98400
2757,3517000
1327,2080500
292,1215800
180,1511800
163,1151400
1175,1412400
754,3686100
1529,906300
480,2805500
536,964600
1863,3132400
3026,830400
1429,1441800
185,1587000
223,2912500
1664,1077200
4079,2286500
10648,4325700
193,1841200
2790,1136400
617,3520900
2587,2507500
312,1830300
791,1225200
145,602400
432,1590700
833,2303300
177,1509800
356,2812600
583,2362500
589,2466800
16051,5023300
2044,1192300
8809,5566700
566,1944400
974,2803300
999,3503500
1012,642900
2237,3022400
16511,4081600
446,1947400
634,303900
279,902100
2010,3792700
733,2933000
1123,3445700
647,633300
284,910300
10311,5279700
5178,1532400
3037,1037500
273,685800
226,2807400
484,3004800
232,3332100
180,1820500
19561,5794300
483,2955300
389,459900
239,3353100
1373,3383000
963,2436000
4128,3754400
581,2460300
518,528200
744,3803800
1689,2595400
134,368700
318,2198000
239,3216400
695,1973300
683,1624700
386,337300
136,66490300
179,1540100
1963,2517100
307,1560000
1088,2375000
2436,1760300
1003,5259500
7201,2164900
285,972200
3012,3871900
215,2408900
264,401800
5107,3136600
777,773000
332,2166900
541,1698400
277,1006500
6813,1924400
256,311900
740,3269200
991,3502100
160,1126300
500,3356100
206,2246300
285,1025600
6472,2926400
130,151400
976,2849000
213,2494600
8829,2370300
136,363700
150,694000
905,868600
146,569900
262,481200
182,1526900
194,1876800
1727,2787900
5227,3063200
231,3165900
200,2551400
260,360400
134,341800
2336,2424600
342,2531300
8203,2409500
480,2979800
139,408200
139,380900
153,850200
804,1472500
144,545800
264,373300
2801,1578100
3327,2064600
174,1526100
245,3288000
1222,2681200
814,1730500
455,2159500
336,2566800
296,1298100
1131,3638400
1513,488600
1120,3171900
5249,3458800
9254,3785000
136,314300
327,2092300
7488,3228900
142,493300
248,3362600
411,944800
1856,2817900
15092,6201700
522,617200
130,150200
905,831600
150,702000
142,788600
1042,1609700
647,988700
879,3472500
303,1379900
587,2319000
759,274200
458,2381700
2178,1629200
151,803100
166,1089000
152,790000
621,3242000
2727,3002600
2480,3109200
9085,2752600
341,2686700
254,142600
10979,3027300
365,3073600
4255,3686700
424,1340200
12561,5297000
235,3535100
191,2212800
767,597400
524,835600
427,2624300
246,4011800
306,1944100
161,1145000
2065,1898300
198,1986000
3340,2786300
142,478100
4401,4359700
129,162300
173,1688600
374,3630000
1009,326500
2737,3051400
181,1579000
250,3482200
264,411200
335,2433700
264,543400
933,1887300
1000,3989800
319,1955500
2167,1166800
8602,3164000
655,872900
197,2170500
140,454700
748,3397500
203,2395600
5420,1535900
257,297900
614,3260200
1263,367300
1711,2431100
846,2694200
178,1392900
856,3183800
174,1411000
295,1349200
1754,3884600
7852,3108400
221,2581300
540,1112000
132,203500
1415,1293100
428,1530500
1581,2461300
253,138500
462,2572000
135,420100
172,1301400
416,1295400
148,643600
380,249100
206,2322300
854,2883200
555,1509600
2927,1491200
602,2719000
424,1523200
202,2541300
264,396000
319,1969600
151,751800
1101,2779900
774,678400
132,215600
6272,4238600
192,1788500
1734,3435300
578,2262300
427,1538300
6935,1934400
11417,4929000
3685,1862300
15059,6167200
5503,3595000
2303,1592900
1746,3259700
681,1614800
358,3000800
14450,5926000
1969,2640000
126,44700
2379,3565100
8263,4022800
144,519000
14110,7600000
1250,4295200
648,733200
440,1781000
6348,2842300
646,593000
376,3565400
239,3052700
821,2231300
139,418300
8548,4958200
433,1661200
3539,1282700
138,405600
4864,3301400
19716,6565900
163,1036700
1167,1216000
1185,2296400
1623,3494600
207,2284800
223,2915800
7791,4902500
5106,3427300
230,3152300
483,3292800
247,3433700
1213,2432100
350,2865200
254,157700
566,1847400
308,1598300
299,1357400
6479,2976500
163,1098900
17975,6797400
305,1508300
419,1191900
168,1147500
264,449900
202,2271900
227,4279100
233,2907700
2861,4030800
159,948600
1379,3832100
473,2679800
192,1790400
2422,1416200
562,1846100
661,1027700
453,2131600
4513,3989000
152,826100
3152,838900
2358,4805400
829,2647200
371,3920900
5771,4471900
3306,1763100
1255,3662800
2484,2939700
1463,2604700
310,1688700
148,651600
139,405100
588,2311800
668,1130000
1494,3338700
147,788800
1020,797900
406,854100
858,2920500
136,308600
139,397400
130,156100
342,2865600
449,2297800
253,99900
9508,3755000
214,2422600
545,1226400
286,1030500
637,430200
475,2994000
321,2119400
177,1388500
4875,3559700
12272,4166000
254,126000
172,1328400
128,101000
435,1623800
1642,533500
1674,1421300
388,360700
168,1237600
217,2406900
475,2634600
161,933400
314,1734600
250,3306100
11603,2964000
241,3561500
224,3353200
333,2519700
968,2797200
237,3477800
1402,975000
198,1993900
1541,1146000
559,1729300
293,1325800
308,1789200
201,2116900
710,2303700
1104,3244400
6869,3289300
936,1669500
142,474000
214,2545900
3205,2362700
5510,3700600
265,517300
244,3207600
436,1722100
893,505900
180,1665400
3847,2779700
398,688400
404,780000
2580,2331000
316,2013700
1843,2680900
142,492100
131,175300
169,1368600
183,1598100
134,270200
179,1468600
1814,1849900
171,1290300
1296,1326600
3446,2159800
674,1471800
1024,650500
769,516900
728,2767500
334,2258900
5621,3750600
8757,3734900
441,1864200
690,1771000
5938,1928800
815,1741100
637,357400
241,3215000
367,3891100
4442,2602300
210,2372400
166,1121600
631,213600
384,253800
625,3391000
155,809500
585,2308200
2418,1309800
205,2856000
2221,2817800
136,317200
312,1851600
128,101200
334,2323300
2935,1738700
271,574100
133,246500
845,2594900
448,2061000
679,1466600
3589,2574900
1059,1630300
575,2047400
300,1391900
746,3706000
345,2747700
150,714000
612,3001500
4323,2174700
1844,2579900
1232,3082700
4714,2416300
762,459000
166,1179600
1259,3740000
4554,1544600
207,2318100
138,403800
140,529000
761,401000
6015,4501000
831,2446500
1775,813900
149,692700
179,1527300
1796,1452100
206,2542700
522,718500
126,42600
8650,4635600
843,2865300
2616,3148200
145,534800
3918,1315600
132,200000
147,694300
423,1332300
437,1679400
787,968100
755,3469300
375,3674700
201,2533800
146,741000
7820,2722700
2676,1495400
943,2217200
239,3732700
1112,3651400
12397,4220600
3282,974000
234,3241100
215,2420500
204,2450200
144,635000
1132,3853000
4291,1248300
271,674300
810,1748800
233,3118800
644,676200
227,2893900
475,2830700
553,1564800
372,3477800
504,128900
4382,3655700
156,906800
229,2905100
3819,2189400
462,2662500
288,1263700
443,1904200
431,1599400
5431,1718300
527,806300
1447,2041200
2231,3473600
399,739100
1964,2583600
1224,2983700
183,1588300
633,238800
1360,2982800
178,1581700
2195,2048000
145,582300
128,100600
839,2500800
1971,2712900
3178,1973300
390,720000
359,3097700
191,1903200
209,2335800
2081,2201400
200,2060100
1569,1935400
185,1730800
202,2231600
2626,3971400
352,2837200
838,2603200
518,495900
3419,1463100
624,3258800
5256,3822900
295,1314200
2677,1535800
5173,1651500
958,2483900
1783,1321000
3960,2690700
270,603200
1459,2333600
143,489000
667,1371000
3753,4098000
2353,3087500
131,198000
4488,3682300
4805,2151600
160,1178900
355,2939300
1864,3222300
197,2018900
360,2946300
219,3063200
1178,1930400
287,1125000
259,280400
294,1222800
807,1580400
3862,4172000
782,1095300
2435,2013400
231,3575300
1932,2302500
2628,3949700
376,4399000
416,1228100
188,1789700
2317,2409200
426,1444000
147,641200
436,1766200
386,338200
1141,538000
605,3367700
812,1954800
147,594600
7711,2555100
1885,3930900
1245,3217700
233,3059700
2282,1097300
225,3080900
9931,5434800
542,1147700
681,1535900
577,2067000
155,847300
161,1211600
282,949600
356,2921100
733,3649600
3040,1467400
299,1623100
8177,5427200
257,204800
3636,4004300
158,1022000
128,100900
4450,2290300
14631,3900500
794,1451800
1688,1832500
2226,2996800
2841,2865400
130,172700
2124,3550000
738,3066200
261,314000
2103,2917100
4826,2260700
1307,1620700
192,2093000
1772,685600
538,1011600
186,1628300
830,2192200
4222,2787200
3147,4228300
174,1416400
433,2119300
18235,7954700
468,2498700
733,3697200
183,1994100
444,2012700
256,194600
243,3219600
139,420000
413,1259300
1507,3536100
205,2441000
206,2398400
4989,3245100
563,1846400
126,45300
547,1335700
1070,2063300
669,1356700
212,2351900
163,1205000
131,182200
1579,2186500
8107,3356200
709,2406000
131,179600
8341,2823300
18010,7523500
292,1158000
2016,528600
4027,5073900
447,2274200
445,1963800
238,3323400
12441,5505600
1307,1618400
1627,3479100
422,1304900
1194,1878900
141,437600
461,2919300
809,1690800
3767,4652000
244,3330200
3292,1389100
239,3150900
2591,2650100
1932,1588800
327,2193800
8544,4797300
272,780100
130,198000
1116,3926000
337,2884900
246,3915400
199,1944800
2331,2251400
1276,74798300
271,608400
255,152000
14976,7145700
1627,3590000
1110,3161700
269,508800
620,3256500
284,1184500
867,3298000
142,545000
372,3286200
202,2335700
18576,6165300
183,1574400
519,588100
537,1066600
665,1150200
190,1796400
161,1021100
1550,1362000
323,2984200
133,338600
2113,3390100
162,1034100
587,2389800
460,2707300
234,3142300
14571,6050100
156,823300
177,1446500
755,3540400
267,559600
143,508700
612,3471400
1692,2073500
2018,643500
182,1668200
3707,2209600
526,703800
3840,2604600
127,74100
2097,2858000
2284,1185200
1550,1647300
1370,3556900
352,3051400
453,2210100
1610,3402900
713,2573200
525,729500
2868,3483000
2344,2784700
17410,4818500
279,810900
186,1641200
138,352600
140,428300
1036,953800
6745,3511500
171,1346300
781,872600
179,1751200
2793,1264400
2007,3754900
160,1011000
296,2878900
403,811000
709,2664700
17948,5915600
566,1952900
6067,2374400
951,2423200
729,3096200
279,841600
209,2289100
257,206000
1428,1481500
155,880600
135,334600
204,2104800
1795,1357100
252,75300
828,2374100
251,4075500
228,2761200
8877,3863100
336,2515100
1195,1979300
305,1471600
4218,2761300
1747,3442600
1958,2595500
212,2771900
148,1144500
1869,3785800
601,2954400
399,676100
277,732900
232,3079900
331,2224100
2445,2058900
164,1177100
183,1602400
2101,2870800
676,1413700
313,1812900
4043,1242200
318,1831100
974,2784600
1099,2728600
158,918500
1737,3011800
17306,5532500
2729,3031900
841,2538500
133,246300
1758,4061400
438,1703300
136,297900
1490,3853200
800,1585600
1305,1512600
413,1073500
1028,760000
2139,4507600
16187,5887600
287,1010400
196,1993700
934,1634300
321,1972000
237,3143200
806,1620000
181,1478600
2337,2611900
127,86600
428,1531200
194,1896400
1739,3098800
240,3178600
161,1089800
1756,3739500
173,1664200
960,2264100
7104,3029700
137,392200
1077,2215200
3155,828300
404,784800
7225,2755000
619,3504100
313,1745300
302,1386200
353,3090000
190,1915800
137,479100
255,240300
8443,1977000
4772,4019600
198,2078000
431,1561900
232,2825000
291,1186800
6479,3008800
281,812500
560,1847800
229,2814400
478,3161900
4074,2115500
439,1763000
438,1799700
270,627700
650,676400
1716,2720500
1786,974500
296,1251400
339,2435400
807,1509100
133,297400
228,2791900
5542,4703600
144,636300
542,1205800
941,1862300
352,2908300
319,2074000
177,1401500
314,1803800
615,3145700
690,1788300
10704,5820000
10557,5311900
427,1489600
142,584700
488,3180900
423,1501200
210,2383100
3510,4417800
1029,879300
2151,711700
270,673800
312,1716100
153,785300
11464,6342800
178,2423600
147,594000
700,2135100
142,524400
207,2280000
474,2908500
385,295200
164,1085000
4261,3826000
713,2657500
228,2857800
5802,1509900
353,2881700
226,3403900
15939,5534900
1532,1001300
2197,2313900
538,1165300
189,1742600
1913,1075100
1553,1429000
1386,496900
11091,2987400
145,532000
2153,804000
16694,6002200
190,1884500
375,3400500
310,1600000
814,1695200
1146,595400
1163,1106300
132,333500
1779,977300
2913,1148100
161,965100
585,2413400
2485,3128200
853,2983000
10490,3810800
152,817400
1602,2894500
136,320900
257,237000
2403,822900
354,2843800
147,651700
881,3533300
174,1361400
200,2012000
237,3021500
307,1521700
288,1007600
367,3259200
300,1461200
12583,5849900
832,2501100
323,2137900
367,3310900
648,712300
223,2902500
305,1478500
12327,5964000
1003,4382300
237,3257900
219,2561200
1351,3063900
172,1350600
161,980400
226,3013300
379,182500
214,2628400
1896,617400
1365,3205200
173,1294700
505,154700
126,41100
294,1394800
535,952600
149,656600
225,2704900
682,1553700
1475,2784400
158,1163400
236,2934500
470,4134400
312,1767500
194,1968700
347,2615400
7000,3655200
5911,4788600
8020,4076200
4997,3813600
1104,2763300
594,2638000
137,328900
683,1661100
626,3398700
3659,1082900
225,2799400
365,3412200
441,1844300
157,1010700
636,415400
755,3685400
657,1041400
433,1579700
2376,3346300
147,625800
230,2876300
490,3911800
192,2212900
4921,1608800
959,2329000
312,1649900
172,1261200
239,2990100
2852,3033900
220,3216000
382,278100
12796,4918200
5881,3657500
1452,2292600
362,3081200
14927,5072100
1181,1597200
490,3184000
293,1190400
129,126300
276,742600
274,731800
6184,1826100
715,2573900
2788,1119800
8191,2074500
3727,3117000
253,103800
2574,1972300
3196,2458900
3871,3479600
1084,2364800
4711,2580000
145,902900
228,2879600
263,375400
126,42300
4746,3731500
1277,792800
3494,3245300
15744,6779700
1865,3282900
1013,376000
8001,3880900
514,409100
2329,2384600
279,845600
577,2178100
831,2618700
214,2934700
364,3734300
538,1037400
252,69900
2702,2090900
137,369700
8718,2660800
350,2649800
1446,2187900
4984,2973800
213,2387800
967,2463900
1621,3240100
214,2457600
688,2080500
1775,837100
1974,2980400
388,374600
165,1198000
189,1821200
1480,3125200
232,2921900
183,1792500
860,3185000
2927,1488800
663,1022200
3760,3715600
3195,2135400
8997,3945700
235,3914700
153,826400
443,1839900
151,684100
162,1023300
1560,1622900
7226,3270600
144,545200
313,1868600
646,666800
567,1836000
618,3186200
1046,1265000
354,2752600
2939,1865500
235,2985600
306,1600100
160,982000
2444,2125400
6191,2150400
297,1375000
161,967400
4030,4155800
266,443500
273,750100
180,1907100
306,1544500
1877,3680200
530,1269900
4057,1585200
329,2324500
5100,3029700
563,1845700
397,811900
1012,445400
257,275700
700,2262500
398,634000
1130,3522000
1000,3823400
1451,2054800
211,2397700
556,1484000
1951,2123400
4039,1168800
268,603200
202,2118300
18244,7303600
9892,3976700
5003,3879900
593,2510900
532,925700
137,330100
218,2425700
1026,879900
449,3218300
155,782200
1584,2346400
428,1517100
3514,3911800
4928,1495000
144,554000
183,1640600
191,2636600
176,1399000
6342,2705900
137,388500
207,2374500
177,1537000
810,1631500
441,1778600
9023,4237900
294,1268300
274,672100
423,1351400
460,2323600
453,2118700
3159,1086700
162,1162400
11134,3972900
266,463000
177,2100900
3981,3057500
161,980200
1030,840400
4225,2963300
10885,4149700
1897,655200
431,1547200
985,3343800
197,2250100
597,3241900
1415,1390100
12222,2966200
696,2186900
368,3777600
1005,3550700
836,2761300
5738,3960700
539,1176900
4223,3163200
528,758600
468,2727800
609,3092800
505,159500
216,2566100
741,3214500
241,3763800
2065,1806000
2342,2588400
528,740300
858,2872500
3734,3015400
546,1201500
1121,3144600
169,1233900
2930,1834300
347,3035700
171,1332700
1110,3436300
467,2535000
963,2335500
622,3531000
14930,5476700
2820,1977800
488,3088500
167,1125400
595,2557100
668,1217500
1078,2546100
240,3428300
439,1871100
317,1995700
1513,375300
226,2850600
127,77500
1839,2433000
688,1831200
170,1322100
186,1782100
1518,557700
8209,2803100
134,265300
258,297600
6476,2864000
431,1501900
287,981700
1782,968400
11492,3270000
1267,503800
188,1977000
1195,1997200
310,1705700
4764,3938100
593,2478400
164,1022300
3771,3931300
128,125700
843,2547500
5512,4120600
5098,3210000
196,2106200
9227,3228000
405,929000
218,2744400
526,812100
240,3203400
162,1257200
396,727600
360,3200100
297,1336600
310,1605300
1744,3594300
183,1698100
539,1102600
245,3414000
162,1527800
139,408700
19714,6353200
198,1986100
175,1340100
268,506300
399,667500
155,851500
208,2227100
2818,2234500
155,853200
1365,3671500
352,2737300
3185,1670600
247,3313600
704,2128400
130,296200
139,405100
1941,1906100
486,3065200
521,714800
653,794400
213,2615400
439,1899400
409,959000
424,1658300
1028,782400
3065,1980000
260,343200
203,2287100
145,710800
448,2016700
311,1984600
1044,1178800
3149,4353200
1312,2027400
868,80493600
206,2187600
5199,2240500
661,965600
216,2429800
10977,2805400
705,2130400
5960,2433500
2209,2412500
510,391600
518,484800
1513,364200
620,3435700
398,632700
270,534100
165,1079700
1581,2163000
2394,586200
405,801800
942,2083000
419,1202500
222,2710300
1326,2119500
147,849300
1832,2405500
4638,4003200
278,932100
2611,3052800
488,3182000
350,2656100
1672,1280100
1413,1053500
179,1552800
129,151300
184,1682600
251,3407700
466,3238100
561,1805000
896,591200
179,1494500
1019,569700
18555,5208700
450,3196500
1261,368400
249,3709400
610,3016700
276,782300
859,3092100
252,84100
6675,5017400
5229,3323100
273,672700
4065,1935400
745,3226400
1180,1454900
1808,1614300
3716,2898500
496,4759100
1212,2467800
1059,1621600
189,1716400
1787,1135000
1890,443600
325,2424800
179,1785700
4488,3247400
1301,1393000
839,2850700
362,3736900
176,1753600
509,322100
5384,4744100
230,2914300
3130,3722700
275,709200
2175,1502500
461,3966800
272,995100
1357,3041700
327,2326700
403,1294700
3871,3794400
738,3619300
5465,2829500
138,397100
483,3183500
394,577900
262,436800
1249,3523900
155,928400
9132,4470900
2880,3937500
10524,4449900
11838,8717800
15459,7522100
179,1742300
293,1398400
896,718000
378,101900
2144,674300
869,3694800
1138,570800
603,3380400
165,1104800
3122,3824600
4377,3914300
305,1665200
567,1971700
3731,3601900
1183,1974400
3273,4708900
167,1518500
428,1683600
3065,1936300
731,3211600
1052,1714600
169,1662200
131,208800
9019,4341000
508,443700
1443,1922700
130,156700
239,3203000
473,3196100
2573,2697100
297,1629200
1845,3279800
139,499100
413,1278500
275,872600
178,1786600
10455,6716500
3494,3598800
882,298200
3024,886300
279,859700
208,2597700
882,214300
382,212900
138,357100
738,3353200
17735,7336100
7254,4136600
234,3187800
177,1521100
235,3239700
4172,1389200
523,718600
2865,3367800
379,195100
1123,3383500
283,943900
1259,3887700
881,3744800
890,470200
3962,2889600
150,1026000
1673,1390600
376,3791500
327,2589100
200,2550800
443,2508000
433,1989500
494,4065500
149,834800
6304,1965900
609,3282200
470,2546700
1972,2838100
1092,2551300
150,738300
1871,3582900
3138,3885200
377,3569600
262,380600
1602,2982200
1099,2885900
2823,2073700
357,3965400
478,3677200
268,681500
128,134500
1097,3558300
444,2456600
2316,2400700
1155,1035100
2840,3239700
15220,6658600
223,2927700
561,1667200
339,2604700
278,749200
269,564000
842,2694100
922,1421000
1517,495700
1825,2444600
367,3202400
333,2323500
135,333000
1238,3555600
189,2032900
3611,3485100
176,1530800
177,1596700
165,1194300
518,601700
134,336200
10632,4503500
1752,4126700
598,3175800
346,3288400
894,581100
611,3345500
457,2403500
651,881300
887,357400
1022,814500
7818,2245300
1894,599700
265,422700
619,3249700
1594,2943900
394,736500
1171,1390700
1103,3128900
166,1434200
1143,660200
5193,2447200
153,779600
167,1335400
2216,2820500
286,994000
507,229900
143,518600
268,511700
414,1122600
496,3472000
821,1909400
493,3952700
355,3093200
671,1312700
343,2823900
264,445600
4416,1143200
1800,1464100
154,831000
632,307900
1216,2841900
1684,2028300
213,2868900
600,2888000
221,2649400
2004,3539200
711,2368500
305,1584800
849,2807100
270,549800
135,284700
5873,3792900
990,3100000
8777,4964800
5908,5401000
206,2195400
2533,900900
403,889500
4598,2742000
10047,4754700
4731,3456800
4959,2856400
204,2744800
616,3358800
1558,1681000
128,99700
438,1727100
2495,4221400
735,3411100
141,530900
167,1430100
875,3522200
336,2586000
1345,3092200
294,1547600
554,1797400
185,1776000
238,3183300
7401,4355900
370,3720800
2702,2153800
741,3452100
203,2641500
169,1253100
194,1892900
1570,1919100
197,2507300
622,3625300
691,1993600
15755,4669300
1106,3045500
230,3977600
323,2956800
1497,5099700
1862,4331600
257,273000
221,3672900
168,1549000
664,1197400
165,1220000
1082,2339600
388,412700
191,2217500
213,2845900
407,946000
394,543500
2580,2364400
1098,2740900
1748,3344600
163,1120800
373,4239600
149,787200
206,2204100
8758,4190300
329,2165800
3734,3103900
969,2746300
367,3690500
1781,881300
141,433000
2325,2174200
18817,5628500
296,1295300
1736,3378800
10413,5516600
1055,1907300
288,1280100
493,4149200
4492,3874600
813,1847300
214,2450700
226,2850300
130,155100
206,2151700
4814,1879600
856,3256700
172,1447200
4508,4055800
378,124800
5517,4657700
195,2352500
161,1285200
563,2300400
177,1766800
242,4007800
1442,2263300
1611,2935300
3077,2416100
539,1114100
762,357700
263,376600
799,1431000
2468,2874800
598,2738100
134,262100
654,982900
190,2199800
1225,2884100
9356,2973500
789,1089600
1400,679400
7047,5173700
193,1911100
5703,2566000
3839,2528900
160,999500
380,169700
433,1594800
490,3280900
1130,3711200
1168,1238300
169,1235700
272,679600
198,2224900
774,848900
186,1769900
752,3557800
4389,3925600
210,2508400
227,3244200
2615,3762300
682,1720300
148,660800
229,2950100
207,2571200
371,3360000
2721,3772300
7963,2917900
1198,2083500
251,3463800
324,2028100
350,2935000
11845,2825400
865,3292200
2848,2809300
415,1131100
244,3358200
261,398800
290,1634900
343,2616800
797,1612600
194,1994200
998,3252600
201,2452600
749,3499700
400,672600
1479,2765100
478,4236400
246,3336800
2146,809000
151,734200
291,1304600
4486,3242000
1661,1041000
742,3345200
1650,875300
243,3251600
454,2213800
669,1438400
158,1041400
12190,5363800
1798,1388800
4283,4367000
297,1282700
1472,2870800
4679,1677300
141,444300
3271,4157500
933,1602100
703,2033000
4864,3483300
126,45200
155,899300
648,692200
929,1565400
1527,724700
1354,2743600
1197,2088800
137,399700
794,1271400
208,2260300
1112,3071600
281,832500
2702,2426600
160,982400
127,78800
133,229000
922,1401300
159,944300
417,1153800
647,625000
292,1268800
454,2130300
361,2986400
1091,2740000
356,3500100
165,1372800
134,318200
1487,3129100
775,707200
972,2646000
443,1841700
871,3862700
277,819400
2179,1669400
904,965600
575,2432000
152,841700
195,2263000
2307,1715200
168,1437800
207,2687000
695,1949200
160,1014200
427,1683500
170,1546500
11917,4993000
151,708400
173,1399600
174,1402300
131,181300
161,971600
425,1418200
130,177500
169,1177700
212,2422200
317,2064800
945,1896700
10914,4763600
4090,2692700
381,191300
1327,2088300
141,463200
742,3268400
887,487000
399,858100
531,1089900
396,716300
150,733200
727,3417100
413,1121100
1607,2986600
838,2349800
237,3019900
666,1199300
280,814900
170,1248200
225,3035900
149,641800
2925,1498600
126,42100
2530,1173000
1435,1834900
732,3132300
10561,5725800
315,2183400
891,567200
13811,6225400
389,416600
607,2893200
306,1558100
7110,3778500
368,3134200
634,278500
962,2327100
551,1418400
10437,5454000
468,3162600
248,3388100
2415,1086600
11228,2998900
291,1175200
189,1728600
1135,410800
2596,2849200
431,1680200
336,2326300
3501,3578200
374,5555800
466,2697300
11392,4793500
262,431700
161,1224700
3081,2350900
1368,3331300
126,44700
225,3272200
3177,1542200
1743,3219100
283,927600
424,1313800
174,1509400
195,1900800
3323,2148000
290,1086300
3902,4719100
4503,3658700
983,3059400
1318,1893100
495,3556400
205,2433700
876,3643700
859,3235200
253,165600
303,1504900
1628,3801400
385,360700
179,1527200
10464,2624300
148,634500
9607,3175300
384,264100
138,476500
4850,3021700
2557,1653100
412,1412700
189,68643400
5626,3698400
216,2501000
2315,1824400
856,3200600
2875,3916500
1376,3925200
291,1168200
875,3356100
270,534400
1002,3384800
251,5260100
8314,5718700
218,2962100
471,2766400
246,3929900
173,1582600
178,1434700
3191,2088500
9370,3969400
3497,3812700
2294,1181000
1489,3022700
482,2801700
207,2148600
159,897000
3854,2979100
424,1786500
8937,5170500
215,2379400
323,1906200
2880,3394300
152,743500
536,1161300
496,3642200
136,444700
197,2134900
1008,242800
158,883100
126,42200
278,780300
1341,2446000
385,305300
1991,3119700
462,2457300
966,2471000
279,878100
422,1275100
1133,3972600
1055,1600600
3596,2633000
876,3319000
6341,2500000
287,967300
139,579300
208,2340500
859,3351600
3390,4502700
887,392500
701,2036300
539,1392300
856,3074100
8932,5440500
397,619000
278,764900
181,1889300
781,913200
756,203700
148,787200
6468,2665700
705,2185100
177,1402000
2297,1623000
6832,2567300
1684,1945000
180,1624300
2832,2333300
1085,2384800
349,2679700
347,3084800
2604,3054000
912,1010600
208,2293300
316,1824300
206,2391000
152,725800
229,2944600
1158,994300
1274,653300
234,3013300
851,2712400
473,2587400
1235,3209100
195,1902900
232,2837000
2776,854700
131,199100
10166,4947600
278,751900
1403,796200
154,784600
5766,3922900
1443,1858200
3661,1135000
215,2921900
3237,3348200
380,167700
367,3352400
660,1107000
733,3073900
4201,2246300
312,1733900
364,3701000
247,3592200
1925,1457200
1318,1811800
220,2569900
305,1519200
392,715600
981,3377300
304,1576400
215,2767200
13556,5720900
2890,5038900
134,342100
235,3199700
2689,1951000
170,1329500
202,2294500
161,951300
1340,2601900
996,3942000
174,1641700
3501,4283300
545,1650400
147,755400
1566,2346600
191,2335700
369,3350100
150,696100
4128,3698500
1643,528800
2101,2768200
5247,3416200
190,2238300
2972,4577600
1280,1103200
2128,3786200
2599,3839800
2561,2056000
465,2774800
397,638300
180,1661200
151,739600
403,788100
224,2679700
399,669900
501,3489400
171,1561100
143,536600
977,3312400
376,4256900
2401,994300
276,903800
5178,1999400
12512,4261100
2220,2648400
2782,863700
271,662500
174,1309600
1020,574300
6351,2822400
126,48600
12706,5971800
1999,3505600
191,1895000
136,327700
329,2187300
242,3168800
429,1450800
1605,3039600
1189,1807900
395,594700
5454,2286000
568,1907000
7055,5080100
283,869900
611,3231300
699,2432200
1563,1796000
408,993200
2176,1468400
321,1930000
323,2235400
434,1856900
157,1138900
617,3363100
2114,3091000
134,330700
645,602800
632,221900
167,1134100
1324,2134600
9827,6123700
2193,2118200
1023,815000
631,200900
206,2381000
4544,1326200
718,2697300
5697,2219300
5137,4658000
215,2917600
175,1379200
599,3126000
145,701100
554,1584800
531,1088600
182,1682100
658,1047200
682,1564400
235,3031800
382,208200
394,537600
209,2235600
281,840600
165,1072700
137,353200
143,526900
167,1099800
732,3549700
1789,1099500
672,1581700
442,1869300
164,1039500
1887,3871200
594,2934600
5054,1639200
173,1336400
6122,3939100
301,1483200
18303,5156400
157,873200
132,199700
429,1431700
3345,2885800
439,1991800
1764,449800
244,3195300
293,1476000
559,2027100
319,2218000
356,3165800
496,3439300
205,2220300
8271,4221800
607,3559300
3118,4044400
502,3521300
152,770600
452,2298600
208,2361800
395,539900
721,2999200
15685,5384000
415,1072800
547,1325000
241,3401700
437,1882400
287,1074500
165,1162500
160,1002300
3124,3950900
218,3126300
3354,3536100
935,1944900
896,680600
200,2278000
526,740200
406,842700
416,1117700
479,2938700
311,1670000
534,970600
281,847800
489,3309200
7402,4492700
213,2382500
631,331400
126,41400
398,630500
1196,1894400
1222,3020400
13435,5359500
245,3460800
3955,2259400
150,658400
1098,2674100
15474,6431600
142,628000
268,488900
193,2321400
688,2111400
906,850800
3258,3896600
2195,1939500
149,828500
138,513700
142,462800
2172,1435000
270,619300
1242,3086200
191,2218900
1835,2778500
187,1733400
326,2182900
5133,3743900
840,2403400
1417,1218400
227,2730900
235,2929200
337,2253400
303,1417800
145,573000
739,2979100
249,3492200
2193,2015900
925,1608900
196,1992900
304,1503700
309,1611600
1009,265800
1573,2392800
1197,2046500
204,2252900
395,564900
390,492900
4460,2486700
245,3355900
2602,2957100
932,1619800
203,2120000
152,738300
188,1846500
645,671700
921,1196800
201,2011000
2674,1388900
721,3071700
633,294300
950,2352500
328,2267700
349,4022800
1375,3431600
136,313400
193,2094700
141,568900
5663,4999900
2342,2483300
142,589200
322,2488800
696,2488100
2298,1365900
168,1532900
202,2583400
707,2559000
163,1099000
179,1607300
743,3237800
143,492700
468,2619600
165,1244300
4135,3927500
155,876000
714,2455000
246,3276000
138,401400
1617,3340200
3249,3676800
308,1699900
174,1570900
9953,6946500
2766,4119500
558,1694400
1122,3467000
339,2515200
397,656000
9074,2221800
429,1581900
2472,2909300
213,3033600
9270,4710900
197,2088600
288,1125400
340,2373800
169,1321900
1500,3531200
9380,3869400
1391,470800
130,158300
1499,3305900
152,767500
17964,6871900
179,1495000
248,4181600
208,2654000
3203,2193100
142,552300
2822,2125100
525,718900
1030,806500
831,2441300
178,1784200
216,2623200
139,379400
1906,1012200
330,2268900
4735,3514700
4058,2007100
388,773300
1057,1788000
1144,540500
164,1101600
3327,2331200
1747,3389900
807,2147600
199,2044500
6203,2283500
4530,4251700
260,277200
340,2501100
202,2415500
490,5036700
154,873900
656,1015500
221,2602600
444,1893300
2311,1786400
1071,1900900
1167,1138400
179,1847700
817,1970500
603,2829000
280,809900
427,1640000
5450,2309000
519,549800
13423,5255000
519,537900
156,915100
467,2518400
2093,2785600
367,3707900
480,2973800
446,2180500
186,1642800
11990,3900600
232,3274200
879,3480600
195,1972600
448,2041000
9888,4201900
1021,642300
878,3479000
418,1131000
239,3038500
5499,3511700
685,1585200
412,1049100
3575,2296900
1396,591300
219,2482700
419,1167700
3080,2114100
560,1881900
232,3452600
2108,2975000
127,79900
1598,2922300
145,596600
195,1970200
1098,2671300
133,227100
177,1555700
250,3936900
11173,4922800
149,682200
1280,842900
868,3190400
4066,2146000
2444,2316900
18302,5270100
1964,2386700
1741,3106900
953,2516400
390,465700
11012,4889300
645,623600
764,421900
126,44900
500,3819900
364,3371000
629,3670500
1716,3090300
202,2440300
1550,1660800
1881,4845600
573,2195400
173,1604700
186,1719100
163,1364000
1183,2090600
375,3788800
314,2410500
575,3155700
648,882900
2496,3490800
1528,1120700
174,1519400
2550,1813000
374,3697700
1586,2431700
136,310900
387,448200
169,1222400
1376,4218200
13845,7171100
327,2596200
2418,1298600
705,2681900
673,1448800
981,3707300
9799,6484700
1044,1510700
321,2236400
1424,1437300
304,1650400
492,3207900
716,3398500
2521,679800
296,1327200
861,3016200
337,2514700
222,2748400
167,1196400
367,3581600
136,407700
504,163100
597,2762300
437,1801000
863,4199600
562,1646100
10461,2511300
480,3371600
211,2356500
397,646000
216,3931500
431,1663500
8166,4729500
326,2059900
244,3959200
546,1289200
1278,828600
764,409700
3748,3627100
7251,3886600
321,2089400
1941,2502700
457,2504600
585,2672000
224,2895300
129,129400
566,1977400
193,2324900
2252,4509400
529,944000
7533,6295300
194,2232400
3406,1319600
1979,4395800
174,1395500
239,5230900
143,596500
269,565400
2886,64063200
366,3154600
409,1004100
232,2996000
221,2747800
158,938600
585,2334700
142,844400
185,1670300
3806,1678800
2519,3937300
286,1022400
462,2653300
465,3286600
6932,2138800
180,1781400
549,1352200
7356,3509500
2204,2348700
432,1728000
462,2413200
309,1899200
2534,1156300
662,1016100
812,1744400
259,264400
129,124200
212,2436700
405,840300
1632,3839100
654,799800
821,1985800
156,845700
152,745000
311,1818500
240,3155900
337,2476900
10190,7917500
311,2117900
595,2891400
146,667200
1725,2769600
942,1879400
134,261800
319,1864800
196,2309000
2843,3113200
1232,3502300
134,307400
3833,2247500
842,2640700
2499,3869700
3285,1328300
339,2581100
4074,2537000
1209,2980400
133,296900
214,2483200
1788,1247500
181,1770400
1567,1975300
972,2863900
1431,1610700
205,2458500
715,2685700
6855,3314900
133,285400
1947,2186600
1122,3581800
271,620000
180,1561000
229,2884600
376,4330500
285,1008500
201,2246300
459,2333600
4678,1623700
1407,961600
1076,2098700
687,1712400
148,970000
3683,1686400
470,2975900
325,2326400
134,339300
177,1544100
3625,4481200
181,1509800
808,2523500
343,2872000
264,426600
260,357900
1722,2881200
212,2686600
403,994500
674,1532100
231,3322300
750,4134800
225,2789800
232,2928400
731,2870800
737,3123200
224,2720200
271,590800
376,3364500
6730,3033900
197,1957600
205,2200400
1965,2665900
4177,1609900
616,3360800
4637,4135100
366,3229900
174,1349700
276,759400
1010,294200
2863,3715000
4628,3829500
1007,4039900
2983,3133600
3910,1063300
343,2752000
264,434700
4476,3484400
311,1808100
8531,4892500
146,590800
5335,2415200
1042,1437600
686,1705300
4900,4052200
165,1324500
1505,3854500
3985,3567300
134,338600
926,1481700
203,2363300
137,382700
15977,6874600
344,2567400
3525,4741900
1216,3326600
155,844600
15652,5491400
176,1384600
707,2517600
225,2892700
1993,3660100
195,2322100
180,1712400
12942,5561500
3368,3387200
725,2786400
1176,1389600
766,437300
1450,2732700
201,2750600
741,3465300
1960,2500500
155,917900
127,100300
203,2305500
781,906500
413,1097000
924,1334800
4927,1563100
168,1353600
603,2937000
508,278000
163,1154100
843,2604400
368,3347800
2704,2244800
632,316700
555,1700700
148,880300
164,1103100
406,871400
1303,1566200
337,2582200
574,2240300
146,583700
316,1820300
262,370900
2832,2319500
187,1967300
1172,1384000
361,3023500
1260,366600
246,3648900
371,3381400
149,695600
3951,2349800
1419,1234900
1168,1503400
192,2008500
131,226200
1458,2544100
239,3287800
345,2597300
565,2232300
280,866300
435,1776900
6368,3363100
11965,7926200
143,558000
3358,3415000
559,1679900
152,849000
259,263000
1004,3710300
144,790500
430,1564400
327,2277600
6643,4380800
190,1937700
805,1901500
1614,3486700
385,417700
137,512000
218,2746900
5396,4962700
5164,4757000
260,311100
145,615200
292,1211000
633,419400
1080,2373500
161,1160300
1921,1642200
160,960400
344,2653900
412,1034200
585,2490500
5571,2489100
181,1581900
678,2592100
880,4031300
2056,1698900
166,1160400
1509,3831300
402,964500
3012,4370700
3472,3012900
740,3383200
132,246400
17800,5537900
255,212700
2575,2207700
198,2226200
207,2440700
477,2874600
244,3589100
214,2617700
449,2151900
183,1776800
1229,2893800
706,2243200
401,702700
959,2438100
273,737100
140,423200
423,1783700
408,1117000
5492,3626200
190,1972800
126,55000
331,2242900
10830,6079600
4366,3967700
2537,1092600
2409,1080500
1681,1630000
163,1287900
139,641900
482,3079400
139,409900
1201,2085500
240,3214600
163,1416100
281,987700
4472,3016100
4612,3423800
3032,993900
164,1153200
224,2732500
802,1453900
3049,1706500
800,1461700
535,961300
169,1989200
4445,2585400
1205,2334000
313,1729000
3936,1945700
1580,3621900
611,3380700
3280,923500
1789,1344800
177,1811300
406,1096400
330,2931400
369,4389200
196,2269200
9371,3978300
6517,4423200
954,2401600
1805,1531100
786,1006600
367,3529300
210,2397400
253,108700
128,134400
134,260000
479,3197100
385,442700
1717,3079800
3923,1582600
1063,2243600
10254,4083800
962,2462400
2189,1994400
4770,4415900
13333,6117400
322,2221200
161,2124500
257,210600
3088,2464500
1020,594500
2201,2319400
191,1891000
685,2322600
286,1031100
235,3205800
1567,1929200
459,2330700
216,3286700
144,728800
5420,1655300
1674,1436800
6124,3905200
290,1159500
184,1741000
130,167900
5747,3955700
649,876300
17359,7422200
239,3200900
226,2992500
1203,2460600
5517,4095000
1875,3761700
686,1694900
387,342700
137,382300
133,232500
525,732400
422,1358300
3741,3678600
208,2760000
149,869600
753,4026500
1144,753800
1065,1791800
1204,2331300
211,2389800
162,1060400
939,1790400
152,829500
682,1856000
168,1504000
335,2943400
220,3167600
450,2257300
192,2193700
139,511600
637,527000
898,897600
191,2462600
9129,4307600
13319,5961700
132,228100
288,1320500
2411,1132800
368,3194100
893,540600
917,1382400
168,1289100
3214,2604900
11294,5143800
2034,1209700
290,1284000
7703,2609600
199,2012700
2834,2492500
263,415400
2570,2222900
209,2980100
351,3079300
1463,3428800
1201,2742100
8055,5638900
4780,4595000
1645,813900
222,2843600
436,1924400
242,3428000
10662,5060700
2081,2489100
505,157100
3727,3433600
973,3329500
258,329000
1577,2185600
143,478000
211,2380900
1751,3878100
925,1420600
437,2043200
221,2812100
1113,3362600
392,519700
2618,3286400
436,1762200
2726,2954400
279,822300
6960,2613300
1278,880500
19156,5265800
1382,4364500
164,1093100
1977,3262000
487,3848400
2480,3881900
2106,2927300
341,2890900
1725,2861200
1893,616700
167,1153600
340,2576900
232,3093600
662,1116600
424,1351200
1059,2356200
652,796600
348,2797600
335,2369200
1498,4415000
298,1570000
265,431200
440,1794500
263,359000
276,876500
9378,3787500
158,920900
8081,2423100
1618,3553200
451,2558500
189,2116800
138,369800
205,2227300
634,283700
872,3547300
1522,703600
701,2111400
343,2588500
149,746700
6183,2093200
6765,3999300
490,3350000
144,621000
677,1497900
385,300900
2431,1717900
163,1189000
446,2368600
6041,5088500
152,726800
332,2706100
10814,6307400
153,981900
873,3768700
134,260700
286,1224000
1341,2911600
368,3841400
263,383500
5217,3087000
172,1363100
3316,2608100
3450,2636000
288,1267800
2385,4287300
343,3295600
309,1932700
522,985000
295,1503400
133,269300
158,1072000
175,1445700
191,2241800
10447,8489500
5674,1567000
792,1418100
239,3737000
4621,3713100
8212,2854700
366,3116500
222,2677000
565,1814600
13740,3405800
407,892600
304,1604300
218,2783900
411,998000
328,2220800
1248,3587000
499,3730700
196,2015500
12578,5701600
163,1118500
372,3464200
235,3135900
1245,3537400
261,316500
232,3125000
142,464700
598,2755900
131,187400
674,1457100
18074,6083700
132,232200
356,3020200
137,459700
2414,1237300
1602,2771700
3838,2717600
2595,2751100
823,2341100
829,2418700
376,3702300
217,2597200
1302,1438300
275,732500
7432,6812000
773,689100
236,2975800
206,2339400
397,645700
166,1126900
1910,966400
206,2211000
359,3122000
146,666700
387,621900
1539,1249500
260,297100
330,2359600
160,1033100
423,1470100
666,1611600
149,665200
396,596000
161,1003100
778,802600
293,1256500
231,3046700
733,2985400
481,2875000
7561,1843000
1461,2449800
426,1659500
740,3410500
249,3555200
262,340100
657,1204100
533,1220200
862,3391900
4220,2917800
623,4048200
816,1881900
554,1545200
690,2101900
9385,4689300
765,628700
508,243000
437,46383700
129,154600
304,1655400
1464,2599500
510,316300
474,2686900
166,1118700
236,3222200
667,1167400
12303,5151800
450,2257800
149,626200
196,1861500
392,476800
250,3341700
967,2886800
306,1553900
8153,4457400
4324,2367700
7361,3753700
271,721400
213,4442800
2322,2522400
656,1083500
678,1781100
6693,2539400
378,125200
643,629400
251,3718500
3790,1231500
4710,2565000
4382,3867600
1472,2873300
574,2199200
3407,979800
773,863700
1775,939500
1605,3353600
216,3122600
3152,964500
784,1152400
295,1478000
268,507300
1811,1908900
130,171400
18087,6514100
257,250300
406,997700
459,2408600
7451,2282500
653,1293100
460,2385100
224,3088800
303,1476600
4881,4094300
696,2085200
492,3649200
156,961800
358,3049600
14841,6330800
1484,3027300
14860,6573700
274,666100
10022,5087500
1198,2025200
331,2217400
13047,4984700
223,2577100
253,98500
469,2716200
159,1082700
346,2667300
364,3110000
241,3197600
573,2196100
617,4777300
426,1405800
236,3049300
892,475700
969,2608600
139,397100
146,574100
1143,519000
12858,3320200
252,187700
703,2394100
231,3165000
170,1547900
128,103300
235,3225100
157,917700
268,558500
486,3149900
2786,1194800
2873,3444600
355,2781500
10745,3581300
2304,1694400
1551,1562800
1282,882400
1237,3178700
4913,4493300
1176,1601100
10261,3972800
1473,3004900
405,872700
230,2821600
315,1849500
156,992200
296,1329100
237,3195400
21414,8699100
144,582300
296,1256500
1421,1316600
295,1266700
6880,4177800
685,1818600
4697,2018200
7000,3627800
5446,2066500
505,152100
513,497800
412,1265400
4653,5190300
207,2347100
381,234400
205,2541400
984,3013300
250,3332200
148,596100
1446,1919100
2449,2807000
944,1884500
386,334700
341,2469700
515,419700
315,1784400
727,2698900
2908,865900
179,1472300
149,755200
5987,3264300
643,576800
303,1492100
379,130700
365,3126000
373,3382800
224,3013400
409,1119200
220,3073200
3058,1820200
166,1432400
1851,2853600
345,2580700
653,768000
1646,577900
564,1801100
1716,2558000
547,1278600
381,293600
240,3418100
591,2623400
165,1709400
498,3501300
7274,4419700
5983,3058000
6377,3492400
257,211600
159,1053400
11828,5987700
372,3243400
1875,3259800
225,2810300
453,2102800
1985,3583800
166,1170900
2778,1078400
243,3267800
137,338800
840,2449900
297,1244400
7082,2323800
1769,521300
1085,2698000
289,1291800
2625,3377100
191,1799100
325,3152400
3148,4134300
7192,2148700
3815,1969300
126,71100
137,446100
354,3023600
7781,4506700
281,934400
177,1505100
154,930700
209,2452900
414,1103900
1010,363700
2052,1625800
284,990700
378,106300
143,488100
4568,2009000
1379,3601100
574,1972500
664,1244800
548,1377300
6053,1790300
279,896300
551,1446900
2338,2554600
8910,4519500
383,240100
2733,3689000
170,1225900
2471,2759600
1203,2200000
7610,3598800
3103,2865400
7987,3174800
339,2506700
1520,581500
894,575600
424,1347300
1187,1836400
136,364300
3113,3389800
9225,3490200
1554,1871200
324,2650100
575,2189900
320,1967800
1347,2770900
4559,1900100
163,1353900
1345,2837900
3407,992000
13774,4539300
7121,3445800
217,2434600
258,260900
523,679200
235,3143000
163,1140400
612,3069600
2941,1873400
316,1841000
239,3027300
3083,2590100
11741,3817300
5133,3639100
2537,1121100
259,259600
1246,3255900
17358,6683600
6519,4037100
979,2954000
214,2468500
3023,4212100
759,281400
134,255600
150,678900
283,981500
410,1193800
345,3198500
1143,625800
159,908900
1104,3263000
140,467600
454,2313500
139,502300
153,765200
807,1712100
1676,1490100
748,3350900
3118,3469000
325,1975700
288,1007700
1849,2848500
2858,3136600
796,1278900
278,756900
3018,4957700
505,200900
6889,4500200
368,3142700
16322,5504800
1784,925700
153,767300
634,257200
872,3221200
5389,3952700
615,3248400
1512,343300
359,3249600
152,830500
341,2561400
321,1995400
135,321900
181,1704000
1997,3263800
129,190200
337,2549500
6607,4111900
497,3978800
532,1078000
134,354100
17037,5194700
338,2454200
327,2376500
1110,5088500
204,2612000
405,845600
1054,1586900
224,2861000
211,2414800
713,2463000
1027,927300
466,2459200
5135,4063700
682,1677700
217,2887700
1132,3682800
360,3183400
719,2612500
3932,2002000
143,506400
8938,6148700
6561,2274700
410,1051700
212,2399300
1615,3285900
1174,1393200
2553,1512800
158,930200
612,6067400
427,1531700
895,1100200
3550,2854400
924,2033700
854,2955200
810,1683400
337,2826500
3690,2274700
3889,3888700
844,2566400
330,2254800
1934,1725600
6917,5282700
399,704200
2617,3575700
638,376400
238,3241400
239,3508200
733,3188000
1724,2997100
873,3564900
436,1955200
272,664200
735,3234300
236,3327200
304,1640500
326,3425600
1935,2240100
164,1416800
2261,4330500
6185,2112800
334,2513000
274,810200
329,2726400
161,1013900
1223,2897700
153,1379400
3050,1871000
245,3529400
987,3618000
175,1407500
1478,3305400
970,2844000
1566,2186400
506,191000
562,1786300
269,565600
186,2153400
752,4260100
191,1987900
992,3806600
214,3544300
2098,3599800
5794,5697900
380,161800
1081,2337800
2415,1194000
302,1482400
1032,977400
7440,2157100
992,3277700
4666,1405900
2770,4755600
954,2428800
212,2552200
14311,5567900
388,545900
5302,2104500
1658,962100
223,3088100
222,2877600
168,1267800
535,983800
1987,3106700
275,687100
627,3971800
12221,6941700
4654,4460700
137,426800
947,2158500
427,1440200
135,284800
327,2267800
2322,2364400
172,1340000
11047,4996000
3763,4085500
1543,1374000
2948,2310600
265,566800
8030,6876400
303,3104700
3927,2779400
141,622900
148,792500
359,3615500
197,2205600
5452,2223400
8193,2243600
721,3058200
4487,3397400
17630,8240100
15437,5965300
13206,6095200
1840,2937900
9785,4768900
881,4976500
658,1032000
414,1380500
398,668700
1016,540800
615,4805300
748,3582400
1752,3636400
7202,2382900
282,1110000
385,297900
170,2083500
1100,2884000
1160,1006500
285,990900
175,1742400
221,3084100
344,2919800
260,291400
1973,3369000
158,1052400
10984,3329700
1696,2215200
716,2663700
729,3417700
267,595100
1825,2273900
7269,5411800
2278,993600
430,2631700
1756,4149500
128,136800
129,157400
1729,4259400
205,2172200
785,922100
850,2754100
7298,4933300
132,234500
6124,3524600
691,1871100
8804,5190600
556,1661800
2175,1485000
613,3100600
816,1825700
768,520100
1104,2969800
141,536200
145,607400
972,2615500
4764,3920800
342,2579900
201,2085200
5006,3650200
319,1917300
1430,1480400
1541,1243900
813,1718000
286,1015100
644,568300
8864,3799000
1280,1119900
155,1020200
331,2736600
191,2003900
2869,3543200
437,1732300
1618,3424500
245,3246400
139,443500
7300,5052400
4069,2014300
10980,3359100
3755,3925700
2131,3631200
449,1985100
10958,6339200
390,538600
298,1372700
10822,5626400
971,3050400
551,1435000
840,2830200
10187,5938000
763,372500
1300,1504700
13031,4503000
238,3208000
435,1788200
1429,1608900
894,521800
729,3063500
577,2303000
381,216600
234,2979100
217,2789500
622,3937900
242,3814600
174,1473800
751,3704600
444,2042100
4487,3556100
158,1011400
236,3005800
3019,3855500
1571,2056000
501,3964700
7232,3470800
982,2944800
772,819300
461,2469200
2393,4847700
1332,2336100
3057,1634200
349,2753800
3853,3096400
2916,1498300
156,1114000
254,165600
237,43007500
159,966900
3590,2775000
272,679600
206,2233800
263,384000
421,1415700
129,146700
129,136300
161,1060600
234,2953400
248,3335400
371,3235500
15872,7356100
170,1290200
138,373200
1025,714500
4847,2909600
286,1242400
3765,4303600
158,1010100
1342,3268100
1112,3146300
408,890300
266,457400
668,1304300
1019,645400
305,1773300
349,3069800
254,135600
10552,6231800
243,3349000
5516,4202500
357,3006800
520,559500
342,2544600
1246,3401800
1788,1013800
127,94100
271,627200
1229,2975100
140,473900
1736,3413600
173,1457000
173,1365200
6347,2585100
2473,2962400
157,925800
850,2966400
162,1138700
382,229700
5918,4967300
302,1431000
256,243100
2251,3401800
384,256900
836,2335600
144,591800
5586,2507700
1201,2041900
1138,375400
1369,3169900
1107,2892300
1906,1052100
225,2820500
12887,4264600
459,2246000
4023,4344300
2917,1340800
151,736700
1296,1374400
156,907800
685,2159000
2307,2045800
210,2718900
5916,4597600
911,1030300
1028,905000
12122,3787900
5881,3637400
2396,613000
292,1143800
265,427900
556,1648100
170,1321900
140,413700
259,266400
300,1388000
11939,5780600
485,3066900
4229,2870500
1051,1380200
1699,2159400
1290,1093000
211,2807100
292,1610900
147,669100
3768,4512900
771,759400
143,652400
329,2798200
2245,3613200
911,1008900
1721,2582900
380,208200
1312,1717400
1932,1648100
4725,2783700
334,2368600
733,2972500
267,664200
278,776000
351,2689900
354,3057300
1675,1491300
716,2517400
179,1533500
825,2114100
3302,1749100
259,415700
2347,3117900
11157,5393700
203,2507000
268,546300
864,3412700
14121,4259300
1171,1338800
134,257900
473,3102200
206,2465700
162,1013000
1329,2562000
3236,3394600
683,2013400
510,341200
208,2394300
756,206000
7585,2936000
445,1994000
1692,2285000
570,2001100
167,1351000
1254,3542100
981,2921800
3583,2613100
2048,1352200
613,3490200
138,376800
569,1871100
312,1655000
1627,3440700
180,1520000
5291,4955000
319,1970800
440,1759400
8280,4816700
1232,3247900
2506,4031600
4013,4255700
153,731200
231,2856200
639,398300
691,2562900
178,1415300
190,1928300
2340,2524100
245,3724500
967,3972300
1603,2880500
7009,3753500
128,107700
1114,3017000
2135,3574200
377,3513000
349,2752700
2453,2295900
2782,1262400
162,1084400
194,1931100
616,3179900
728,2743100
3765,3992900
766,439300
765,535800
213,2573600
17550,5156700
2712,2376700
342,2513100
319,2069100
535,1055100
299,1423400
12827,6351400
1172,1294800
137,332900
312,1769100
224,2672300
3694,1998100
338,2344600
991,3409300
9756,3745300
252,72600
4763,3967800
459,2645800
3920,1454400
241,3360600
223,2652900
761,343600
191,1796400
846,2672200
2618,3300300
259,393200
308,1588700
258,273900
1013,381800
1807,2100400
930,1500900
250,3363200
208,2213900
2050,1670800
8167,5137200
1322,1924700
456,2272900
1379,3829200
460,2415400
156,899500
14411,4974100
147,747600
207,2250500
174,2219400
173,1291500
4398,4002000
2128,3767400
423,1404600
4486,3349500
598,2597000
130,150200
5983,3403100
207,2306000
188,1694300
326,2120600
976,2746800
326,2121700
241,3143100
128,110000
262,387800
140,436700
184,1607500
3041,1158400
546,1524900
1675,1562400
7756,3668900
7776,4406800
196,2604900
759,350200
11176,5219000
1152,818900
196,1905400
328,2117700
132,225700
527,771800
591,2880300
1621,3763200
1826,2062200
660,1013300
1152,759800
360,3078500
703,2181000
624,3467400
1741,3415800
337,2410300
354,2784000
2330,2200700
589,2532000
191,1882900
1143,522300
1483,3100600
304,1433500
3975,2868900
224,2689400
182,1531100
127,71600
349,2903600
1918,1536200
309,1556300
1362,3011600
318,1857400
529,800500
165,1073100
1472,2694100
421,1548600
183,1908100
1023,646600
747,3359500
162,1143600
1914,1068200
3215,2547500
1984,3182100
144,524100
1642,674300
962,2714300
664,1093700
193,2071600
2860,3225200
5592,3200300
1970,2831500
1371,4023900
419,1254000
221,3018100
4991,3466100
573,2418800
237,3278900
142,551900
142,491700
153,823800
243,3352100
204,2239200
3274,4102300
367,3443400
826,2688300
613,3293600
555,1516800
745,3216700
220,2468500
181,1833500
196,2184000
239,3407500
1333,2384300
695,2003800
149,789900
882,219700
633,270700
2469,2752400
308,1692100
247,3502800
167,1196300
271,618800
895,577600
653,925200
597,2692600
1334,2457600
1822,2115800
906,854700
542,1289500
135,429900
2679,1541300
5225,2974600
734,4934400
162,1279600
146,678900
1658,920000
176,1503300
973,2735100
209,2691600
1820,2692700
1572,2579900
140,470600
8271,4407400
1406,1021200
300,1647200
299,1346000
770,766900
137,464000
169,1432000
743,3292100
214,2468600
149,835900
2687,2178100
187,2140600
226,3440900
181,1869700
1096,3452100
426,1721800
1030,1143400
763,418600
129,126100
917,1269800
14863,6911900
312,1677900
399,861100
262,368800
225,3096600
242,3641700
273,692100
1158,910300
405,914800
229,2951400
3689,2166900
1121,3642400
215,2918200
4536,1207400
2597,3113500
203,2110900
625,3364900
207,2401000
4759,3766700
6634,4541200
177,1446300
1122,3629900
6086,2709800
256,197100
725,2777200
163,1196800
411,1069100
780,857300
863,3251100
170,1225700
159,958800
616,3101900
151,784500
136,301600
949,2126000
5336,2407800
432,1524800
233,2905900
1642,519500
571,2078400
172,1640800
5212,2385200
294,1250400
431,1718300
425,1490800
158,898900
1072,1905900
293,1274500
3311,1802900
234,3011400
4848,2681200
269,544900
298,1309100
226,2683600
159,953400
4025,4377900
3027,736700
132,362600
442,2159500
1945,2036900
7511,4120700
1590,2572200
6582,2424100
291,1149900
323,1948900
361,3132100
9759,4139700
374,3543500
600,2748500
132,225400
7461,2551300
155,829700
2037,1177800
487,3342700
493,3449300
356,2908100
149,664400
918,1250000
520,557600
1386,352300
229,2795300
453,2142200
1086,2683700
142,468300
5432,1863300
6202,2155400
188,1687600
155,846800
890,561000
206,2249100
1540,1106800
3752,3589400
173,1652100
187,2182200
628,4496000
420,1577300
308,1736700
3569,2135900
276,953600
1923,1365600
384,287800
302,1450800
637,357900
1271,624500
19455,6153800
568,1925000
328,2523100
444,2315200
619,3501800
3925,1509800
206,2515400
553,1630800
616,3426700
7997,3526400
9076,2510900
469,2673600
1111,3242400
320,1924300
456,2262000
3534,1157100
149,698600
1285,1161600
449,2198200
5009,3934100
145,594700
18220,6679700
9987,3407100
458,2391700
192,2245000
337,2430300
152,731300
138,390700
2650,729400
1031,914900
261,341600
2109,3659400
395,563700
936,1843500
171,1418500
2350,2758400
4014,3929400
220,2688600
1215,2706000
4024,4579900
255,167300
198,2034800
565,1786300
371,3446600
1137,490900
855,3114800
237,3136700
211,2390800
12588,6305300
4183,1892300
1237,3222100
2944,1973400
886,362600
373,5067600
329,2221400
1118,3776900
181,1985500
135,362200
475,3326900
2394,532100
488,3405300
1298,1378400
900,792300
2032,864000
181,1721400
898,815300
623,3690500
491,3235300
6036,4493200
267,458500
437,1794000
159,971200
2369,3375800
1085,2361900
1707,2348400
10637,4601900
5441,2241400
1044,1260900
168,1190500
286,978200
2719,2728200
434,1863700
276,757000
434,1561600
248,3438100
649,649800
821,2036600
1022,616600
2638,3971000
1157,1245000
269,545700
345,2551700
1350,2946100
870,3244000
462,2561900
1625,3457500
213,2410300
1005,3515700
141,513700
431,1560700
149,672900
1135,296600
992,3130800
3478,2888000
3206,2172100
1633,3480100
462,2640700
785,1098100
338,2779700
451,2072700
5862,3055100
472,2640500
277,770300
146,616600
578,2452800
3592,2488300
3514,3920700
149,680800
241,3235000
394,525500
845,2616200
137,427400
660,991500
826,2046900
17983,7338800
420,1318300
388,525000
223,2734700
15802,5522800
217,2482900
892,552000
2236,3002300
128,183400
224,2683000
12373,45829700
1437,1901900
319,1972300
606,2884200
504,130500
135,276900
270,582300
143,472800
12892,4327400
1498,3371900
11896,4221900
1033,932600
179,1596200
876,3427500
1902,768400
165,1106100
1674,1391400
8081,2399800
547,2060900
1246,3308800
1043,1292500
250,3632500
441,1905800
201,2166300
214,2511900
182,1684600
1503,3641800
1544,1337000
6174,1604900
167,1185900
6773,4591000
138,464400
288,1077300
15071,5747200
2674,1365900
1050,1495200
3840,2708000
169,1471200
1024,826700
4339,2836300
1104,3003800
275,701300
286,1052300
241,3252000
196,1943200
921,1431900
764,407600
236,3134300
184,1687500
3449,2095400
988,3067500
4813,1849800
152,745900
5295,1267300
246,3449200
478,3169600
224,2731600
833,3313000
934,1618000
866,3422300
1586,2608700
268,508600
498,3424900
303,1489700
667,1142900
903,809700
1653,917800
337,2349600
143,512300
182,1523500
6128,3630800
177,1459900
227,2758900
13922,5160500
5620,4115800
895,555600
427,1755600
3449,2121500
5570,2158700
127,73400
875,3430900
1437,1686700
138,370800
276,695000
1668,1259300
710,2458000
899,676700
1194,2293600
200,2042900
2899,670700
822,2274300
9304,5104800
222,2912100
130,157000
174,1413500
1715,2377300
181,1569700
145,717500
754,3671200
2577,2177900
140,441700
168,1776000
200,2070600
415,1111000
1985,3072700
156,933500
6355,2896400
8943,6137000
837,3136800
436,1766100
3793,1254400
639,455600
578,2175700
3338,2459000
137,358700
217,2658700
385,375700
909,1142700
1015,485200
291,1177700
245,3754600
427,1443500
1247,3340500
832,2325700
1872,3875700
256,332000
6679,1718500
165,1181400
15128,4255000
243,4721700
189,2094000
806,1710100
390,432700
908,958900
609,3019500
316,1888600
140,428200
185,1639700
400,728400
134,262400
552,1476900
283,875800
187,1814800
147,792300
1005,4062800
604,3496000
334,2555600
154,872800
612,3364700
177,1537700
283,936600
1540,1137100
15980,7131400
8673,5525300
3909,1093200
2774,767600
746,3370800
14295,5430100
421,1400900
1863,3964500
15369,7060500
206,2506600
672,1321100
681,1690500
285,1061400
198,2053000
1720,2732900
143,538400
137,336600
4169,1237100
139,402500
1197,1936400
900,714500
532,879800
488,4563200
224,2619100
4292,1228800
763,351300
11991,3508900
186,1763600
337,2524200
907,916500
129,127200
2908,1041600
256,201700
14579,5818300
3161,1039400
2092,2653200
5520,4370600
13150,4834100
867,3393000
170,1861800
246,3234500
140,419000
2086,2361400
237,3298600
908,1180100
309,1657100
1595,2805800
754,3512800
9146,4712400
749,3843700
455,2308300
1804,1743600
2679,1715500
250,3374300
150,717100
126,62100
654,1014900
2699,2033400
164,1077800
381,200300
235,3110200
2186,1779000
1222,2684000
558,1706900
1027,765000
651,711700
304,1603800
430,1799000
1154,943200
262,346600
195,2080600
698,2356800
261,315100
360,4377200
3126,3797000
3212,2446700
263,358700
144,541800
16651,4396600
4294,1383500
144,616400
335,2468600
1273,685200
325,2208800
859,2996500
11951,6125900
176,1441500
9689,5593700
233,3015500
277,822900
5786,4659800
268,516800
283,903600
1300,1631100
766,640400
369,3813800
472,4369000
292,1291600
3304,1544900
1017,530300
3591,2496100
199,2577600
1678,1690900
809,1660900
158,935900
238,3180200
440,1796300
267,537800
222,2669700
5707,2431200
4180,1747100
168,1256500
192,1883200
252,77000
2873,3859100
410,1089800
5130,3769000
958,2449100
666,1118300
2306,1518000
484,3089500
5567,2107700
382,315500
7784,4777600
1891,552000
352,3069200
369,3344300
337,2393200
795,1450800
2621,3294300
362,2965600
338,2928000
237,3287200
169,1307600
308,1973900
5808,1924200
337,2477400
151,792800
316,1894700
1882,3650300
190,1773300
184,1704700
2501,3439500
221,2942400
132,284800
305,1684200
824,2327000
138,375500
133,232100
1547,1347900
524,669300
6190,1920600
7336,2562900
13858,7522600
817,2045600
225,2758100
3968,2681700
15080,6052400
746,3940100
1208,2249400
9252,3701200
775,764100
2124,3448300
1210,2583300
357,3149100
5592,2603300
227,2744400
230,2802300
394,559700
2269,552900
426,1455500
1790,1080300
1746,3385800
319,1871000
266,515200
1416,1194400
439,1768200
1707,2287300
220,2549300
173,1381400
3716,2462300
219,2615500
14320,5669800
9005,3704500
425,1671000
137,448300
751,3426200
1207,2271200
244,3148400
175,1377300
1985,2954800
987,3087600
493,3278600
675,1416000
403,871400
1520,560000
1907,1115900
10352,2977500
2066,1909300
138,415700
2364,3274000
477,2823000
163,1095200
361,3036800
147,665900
263,412100
432,1550500
419,1753000
414,1317000
297,1494600
552,1512700
212,2460900
584,2329800
374,3598300
2841,2682800
4064,2013500
787,1086600
3679,1485300
779,784700
242,3056600
834,2433700
488,3354200
239,3208000
2249,3454300
11661,5133900
2330,2181300
145,563900
140,432600
397,672600
8028,4547000
610,2972200
377,3933600
3441,2788700
759,298200
727,2961700
501,3453100
135,303300
287,967200
1124,3367900
1797,1536700
4308,1630000
190,1760100
251,3481900
932,1596700
560,1677700
258,265800
5708,2451400
6917,4900700
264,431900
143,493900
537,1113600
14687,6220000
931,1540000
186,1682700
199,2157200
1946,2026900
203,2362700
159,1190800
1161,1155800
3103,2895300
5270,4120200
3291,1192800
1217,2547700
766,452300
270,544500
771,610900
792,1324700
492,3358200
3217,2635900
1031,889500
1508,3562700
1010,307800
806,1505700
3316,1830900
162,986200
387,595100
825,2511200
479,3390300
2320,1992200
1789,1187900
148,649200
1580,2230000
6219,2695600
311,1855500
284,905100
132,224500
222,2919400
149,775500
7962,2511100
149,727700
860,2963800
2158,931100
136,303500
9754,3963700
994,3344800
2091,3368600
520,801200
223,2964300
362,3168000
349,2655600
241,3153100
459,2614600
740,3052000
9444,5713400
6429,1702500
517,480500
3321,1931900
19068,5551300
2607,2922100
3291,1348800
215,2590000
3107,3122100
422,1487700
793,1381200
1365,3090700
4533,5068200
192,1835000
920,1353400
858,3406600
1147,605400
139,425700
754,3647000
796,1301700
1495,3808500
935,1827300
523,725400
345,2613000
11607,3142300
412,1014400
361,3124900
8194,2637000
5115,3895500
185,1769400
2469,2619100
225,2765200
192,2139800
795,1364200
958,2281900
7720,2881400
7200,2212700
943,1967100
721,2723400
2533,1025900
201,2302700
3745,3490700
2893,3860400
283,1083200
3751,3507000
6005,3715400
531,933700
139,386200
245,3705300
9845,3476900
137,464200
1990,3854600
11452,6142500
330,2413000
1019,613300
302,1483300
315,2164200
865,3509500
314,1808700
1105,3002400
213,3669300
195,1907800
271,596100
325,2048900
312,2030500
268,648800
307,1715000
1073,2171500
932,1702900
1029,939100
235,3065400
178,1500400
