32201
14265325
87845203900
0
1646,4728258600
15662,7482500
902,4075600
471,6282400
633,3675800
381,3606500
2880,2737600
376,3672800
282,905800
2841,1713800
1228,6212400
1268,7505800
344,2609500
4805,7542700
1316,1516900
1052,1206600
415,5340500
326,1999900
404,4251900
458,5896400
7317,6702200
504,6904000
1103,2495700
590,2305700
1199,4918100
1001,6666800
842,2389100
300,1430600
275,732800
6596,7579000
617,3140000
288,1093700
738,6423100
797,1106300
307,1814800
389,4491900
939,5521900
2745,6035700
2292,469800
4190,4363600
326,1955900
301,1364300
664,4336500
488,6338700
285,1140700
761,7221400
3415,3467600
3124,2515100
801,1153400
423,5005500
12423,8073100
3084,1373200
475,6183700
3415,3889200
459,6574600
1589,2417300
1012,6916000
635,3477000
1745,6324600
315,1677400
9416,1715500
1249,6261300
821,1670700
368,3305000
857,2676200
7476,3978800
987,9296700
511,179000
2370,3259600
1024,475700
10373,7450700
2195,4632900
1265,6922600
12552,4790400
285,1062000
587,3029800
3737,5627800
3402,3100300
482,6190600
13575,4744600
10579,5880700
415,4652400
3979,4958000
399,4086900
1532,420700
1161,4259000
950,5171400
19066,2902900
3523,9972900
582,2114800
433,5408300
11573,6847200
626,3280200
8034,5327700
3517,6457600
8120,8712000
281,775400
1785,495600
1273,249600
362,4825000
766,242100
430,4811000
677,4676600
4084,1065100
8352,8073600
10361,7273100
10257,4267200
516,315200
653,3921900
4115,1989700
2270,7326700
14468,8848400
15821,4012300
4343,1252500
865,2848000
380,3323900
883,3483600
1104,2515200
339,2418800
644,3984200
3793,7265000
4333,984800
451,5343700
2493,6604800
367,3133900
3397,3050800
3139,2981600
472,7033800
14109,6265600
806,1345900
1437,5024100
1395,3485200
3354,1777800
771,339600
3645,3247000
488,9896100
439,5261800
8962,3138200
384,3539100
313,1799000
1220,6054400
1455,5150700
2550,604900
358,3071700
9634,8044600
913,5260600
957,5634200
2727,5935700
9152,1781400
710,9009000
424,4910300
1873,3618600
275,696600
10774,4463600
369,3371100
8066,6319300
403,4192300
629,3436900
1156,4262200
1141,89057500
673,5346800
342,2634200
6041,6674100
3808,8794000
6345,8600600
3514,6815300
1097,2906700
315,1895200
255,82700
2765,6840200
1734,7194100
508,90000
655,4251300
1434,4690600
488,6792800
13934,7645100
800,1437600
2229,7001100
10932,1756700
1517,6888500
1022,399300
641,3900600
2276,7060600
395,4099600
327,2198400
721,6684200
5894,2448800
14451,8717200
1301,1024900
587,2187100
257,180500
16801,3436900
5079,7799500
13432,7856900
397,3945600
286,921500
1334,2116200
328,2491300
1458,5286200
1661,4192000
451,5359800
1303,1097400
378,3444500
17309,3298500
287,943300
10951,2179500
423,4974300
548,1160800
348,2608400
871,3200300
13307,4653000
306,1605000
13934,7542900
4247,5417400
608,3277500
554,1313100
4170,3480600
1429,4446900
357,2763600
3273,6979400
352,2639400
1007,6763300
10634,8648900
390,4318800
2087,1797700
535,836200
1204,5953700
1334,1942300
2360,2242300
6792,6079200
401,4393100
422,4756300
4442,4215400
14292,4591900
1347,2521100
14583,4928700
901,4527300
510,131600
277,652200
2190,5137100
264,323900
524,738500
958,5831300
263,283400
6729,4382800
7063,6897100
357,2932400
313,1798400
257,208700
352,2719900
3237,5926700
1359,2679500
447,5309400
893,3630600
9012,4740100
1083,1929600
282,837200
336,2296700
1065,1545700
603,2669600
311,1703200
261,260300
533,871100
4327,822800
3613,2599800
697,5781700
522,519900
2166,4234400
1234,6119800
11241,3179200
565,1676100
727,6350500
3252,5986300
5346,984000
13759,2975700
261,233000
2851,2027500
1507,6847700
15372,5627300
2373,2976100
1281,565100
1601,2397900
4877,2093300
9015,4582400
400,4079200
314,2512300
1541,737500
328,2169500
2930,4274500
6938,3165400
462,5850900
2092,2029800
3139,2800000
793,974300
2568,1147800
678,4749000
1846,2131100
684,4962400
2580,1380700
2619,2535200
8014,4865500
1229,6504700
395,3941700
7006,5217000
380,3442500
3291,7000400
397,3836300
16396,6123200
6508,5218500
666,4954000
2370,2602200
328,2064300
6586,7536000
3332,1264600
364,2911800
716,5806700
10178,2391800
4373,2142400
974,5874700
1192,5073900
14229,2125900
806,2180100
3500,5869600
416,4433900
925,4562800
5264,6361200
4721,5020500
656,4173300
2518,6627900
3284,6906400
4277,6740900
5181,3737000
1025,457400
326,2592200
418,5080000
14741,2366300
344,2547000
906,4415800
476,6325600
1217,5615200
661,4344600
680,4709600
8329,6601500
385,3949400
978,6028400
732,5928100
1037,697400
316,1775400
497,7307500
1708,5282900
5588,735300
3636,3323100
304,1577100
1712,6025900
310,1588500
1969,5322100
4622,1901800
1577,1587900
257,126100
472,6325000
2232,6077300
3539,6888200
1521,7010700
543,1151600
547,1124300
1276,355400
761,6882400
1060,1317300
365,3206700
645,4039000
1304,1191900
462,5617400
643,3608000
711,5752900
404,6475900
4879,3026100
1795,776800
3862,1856000
283,868400
497,6700600
705,5767600
1472,5948300
12565,5202900
545,1198000
639,3746500
260,205200
318,1781800
4798,10547700
388,3748400
14433,7937500
404,4129100
354,3504000
923,5509100
7641,1713900
1624,3158300
944,5300500
399,4621600
711,6093600
861,2794300
1423,4314400
4503,6055300
285,889800
452,5688700
588,2353300
423,4863000
1920,4411000
12676,12616200
8791,6263700
279,708700
411,5075900
861,2907400
1384,3718500
1608,2555700
777,521600
338,2297400
2543,399000
381,3753600
872,3366500
1248,6646400
1150,4230300
286,1019600
686,7805600
2945,4996200
2793,7375000
7012,5367300
363,3957200
767,336100
1052,1211700
1064,1536600
869,3026200
738,6770000
738,6650600
569,2209800
1208,5699300
2529,7555900
1453,5173600
356,2954300
426,4909000
377,4179300
265,382200
16060,4693400
718,6598200
2777,7759500
2487,7355000
1270,231100
988,6853900
4746,5704500
641,4348700
369,3704800
3143,3233900
322,2320400
4156,3337100
1716,6087000
874,3825700
480,7255900
663,4275900
620,3245100
2500,6783700
2034,356300
266,472000
264,371300
376,3893000
1918,4174000
330,2213400
2511,7414100
2663,3991500
7294,6962800
295,1237300
15203,8651100
852,3508100
505,7618700
624,3448000
3913,3468200
447,5478100
697,5555200
1086,2126900
2942,4483500
2507,6925000
1795,789700
434,5135000
702,5850900
1104,2819100
264,394200
2447,4777300
4958,4301100
377,570371700
317,1679700
378,3341700
968,5572000
1829,1601300
2102,2079000
431,4654600
264,333000
5535,6173800
3363,2151200
383,3380600
344,2390300
450,6712600
385,3604200
335,2403800
839,2135100
4994,5242600
752,6960400
1131,3275500
909,4054200
446,5355100
368,3465200
4808,7213600
1948,4861200
496,6573500
471,6012100
259,199000
832,1979700
1758,6829400
1269,7603200
328,2155400
3417,3751400
270,481400
1370,3189200
346,2689300
2258,6648600
1887,3134400
629,3331400
1061,1414800
600,2591400
388,3653400
511,162900
367,3209700
3551,7326900
6204,4051600
3484,5534300
447,5731200
430,5137000
5401,2898500
3485,5200400
4455,4522100
335,2444200
704,5605100
7643,1823900
549,1190200
620,3113700
5831,7834300
2104,2376000
266,423800
821,1730200
1049,1217700
517,356000
3981,5427300
730,6182000
357,2912800
1290,710400
1152,4151000
2589,1692800
349,2614500
2451,4715700
457,6189700
661,4549000
1209,5327300
639,4138100
1237,6052300
908,4306600
556,1531100
2009,7180100
4440,4207300
494,6675200
976,6087100
460,6507100
5744,5241300
600,2879500
1311,1240200
2819,1216500
516,291000
804,1248100
554,1338400
4729,4838800
431,5165400
390,3819100
3933,4081000
271,505100
829,2269600
1197,5457900
326,2346200
436,5714300
1059,1414000
631,4054600
4399,3003800
1141,3519500
773,424700
615,3345900
3773,7180400
1545,873800
1096,2777100
14372,6379400
3368,2462400
306,1507900
284,876500
3851,1646800
617,3049500
423,4674000
376,3459000
668,4192400
3830,1007200
1824,1436700
479,6295200
450,5442500
376,3370900
588,2408600
409,4423200
6009,5267100
1088,2173400
522,444300
2389,3082500
1104,2597100
266,425000
363,3101200
3021,6887900
891,3593500
2069,1651900
523,494000
581,2197800
4185,3898400
916,4481000
3107,2139600
314,1832400
1481,6357200
4235,5129700
506,7113900
447,5335300
9260,4515200
6467,4478900
2004,6691600
7987,4309800
2454,5307500
283,826200
996,7066200
4870,2284600
1406,4665400
313,2072600
369,3350400
396,4431100
327,2229000
2888,3539500
4241,6522200
687,5038700
277,737100
2025,7580300
1880,3021300
4074,903200
599,2463200
1940,4654200
2074,1390200
3229,6312800
1211,5897800
297,1507200
5302,6722200
871,2976500
1361,3170100
2717,5635700
3478,5467500
1314,1495000
543,1005000
771,399500
1094,2424800
398,4187200
9145,1202000
2268,6744400
723,6839800
2120,3040900
409,4950400
1263,7611400
6524,6408400
957,5371100
306,1930000
1756,7463400
385,3594600
8714,3430100
1336,1893800
430,4766600
561,1487000
2781,6812200
453,5707900
441,5088500
807,1299500
275,675700
285,864000
326,2287600
359,3259300
921,4419900
12368,7277900
6108,1437200
418,4579400
2018,6944900
964,6101900
7727,3960400
4946,3994400
7996,4751200
402,4233600
1437,4741900
428,4914400
5836,93360800
321,2209800
388,6576100
275,769600
941,5941300
1213,8232000
837,2415400
3756,6031200
453,5540300
1788,629000
280,738700
1933,4447100
4405,3031300
3878,2294100
280,789700
1071,1670600
435,4850900
6803,6944200
356,3002500
1824,1730600
869,3123500
268,571900
884,4422300
389,3983400
895,3602100
1021,337100
303,1371100
2774,7031800
435,5078800
892,3783200
649,4026600
1080,1854000
768,440700
8943,2841400
545,1150200
1020,247000
449,5392200
1483,5946300
270,492600
6561,7122200
1123,3121000
1064,1470600
6393,2003300
1555,1186300
1647,3644600
1554,1204700
739,6364100
1087,2140600
651,4670000
930,5267900
2944,4637900
337,2817000
1488,6319100
1245,6668800
1084,2098400
1439,4935300
1990,6754600
410,4291900
7656,1946400
503,6970100
353,2754100
3314,781600
749,6941400
2164,4820400
557,1468700
3406,3173600
7520,7797800
265,351400
3253,6476200
1369,3071700
5440,3609000
352,3028400
298,1425500
459,6753100
623,3279000
1913,3918700
1127,3128400
256,132200
570,1816900
698,5578300
969,5873700
422,4609700
391,3779900
677,4930700
392,3917900
1598,2259100
534,781700
354,2846000
433,5670200
598,2591500
676,4592300
567,1684600
423,4624600
257,173100
265,340700
484,6228800
702,5279600
436,5335800
1223,6532100
2227,5858700
1359,3017000
1617,3068100
674,4814600
11323,5917500
1018,213700
611,3158900
1781,506300
1995,6393400
955,5357300
7089,7190800
272,557300
1141,3551500
724,7323200
2198,4883400
413,4591700
1483,6183600
335,2320800
2680,4454000
892,3645200
448,5651700
11890,6995400
13350,5530600
1601,2525100
295,1362800
13138,7100800
4310,7432200
385,3647100
893,3620500
790,946200
638,3565000
2981,6477400
386,3729700
1769,7640800
743,7300300
1083,1967800
547,1221700
413,4404900
11975,2576500
1394,3470400
10624,7796300
3204,4809000
480,6358200
2156,3853800
873,3533200
493,8251600
1460,6708700
4905,2804500
473,5962200
684,4858900
605,2945400
1417,4229400
1327,1752500
766,246600
287,1004800
347,2579900
16633,6612600
361,3439100
9631,7668100
4221,5228400
1028,513100
413,4843200
449,5860200
2122,2901600
2290,481100
288,1008400
987,6567800
1724,6091300
11760,3839000
2152,3814800
1390,3453000
2004,7096400
2023,7162800
769,305000
984,6626700
1951,4992100
686,5299600
317,1810500
1113,3362100
859,3193900
1312,1288200
488,6523500
361,3004600
388,3647900
262,333300
460,6551900
12874,6624300
364,3099800
855,2792900
1207,5231400
458,5531700
2908,3991100
14549,4594500
1039,1040800
365,3799900
548,1521300
957,5897600
1597,2235600
2625,2722900
1011,7574200
8362,7765300
371,3499900
953,5697000
748,6499500
2849,1955900
2535,7369800
352,3193300
1541,662700
755,7350300
567,1718000
2026,10880300
2129,2989600
1043,904100
1877,2969500
898,4001300
557,1499300
2017,7470800
267,392700
551,1341100
11654,7554500
497,7049000
11613,6831900
3120,2383000
1558,1160000
576,2143000
285,1011500
3846,1612800
8099,7271000
5477,4620400
301,1501600
1435,4519200
621,3030000
1935,4845600
1443,5020100
476,6667000
1119,2953800
363,3195200
420,4992500
1449,5513000
392,3977400
481,6542500
3190,4638000
15760,2684500
1799,807300
260,239200
830,2031800
4099,1575700
313,1687500
1310,1309500
936,5075300
923,5009600
3745,6659000
976,5987600
456,6329000
353,2747000
561,1692500
10087,6453400
1172,4584400
257,147100
475,6024100
2487,6107400
348,2725400
3512,6243900
757,7063100
417,4517200
350,2665400
12322,5255800
361,3407500
1009,6896400
2855,2187700
1893,3459600
7387,1607200
800,1193900
419,4638800
263,282900
3341,1620300
587,2220300
6674,3076700
2403,4219500
898,3896100
415,4402300
576,2049100
3758,6551400
320,1823300
5377,2190900
928,4597200
299,1263600
14962,8318300
1829,1605600
1606,2409600
3426,3883400
360,3339600
2424,4298600
3538,6661300
340,2436400
5965,4529100
546,1249900
1728,5864200
16356,5212200
276,753000
1264,10656200
4028,6982400
553,1303300
2254,6844200
287,1114700
1000,6897500
1193,4932700
765,214500
362,3071800
6406,2445300
377,3448200
2033,366400
16055,3707100
1922,4206300
820,1712300
447,5659600
1098,2490000
10348,6385600
1790,608200
302,1438500
426,5545000
1737,6076600
6407,2421100
3810,480700
4947,4132600
322,2019600
3753,6503600
5172,76761200
590,2503400
1686,4575900
1145,3662300
514,291500
333,2220800
498,6931600
764,179000
2477,5438900
491,6316500
292,1058000
359,2753800
456,6035000
1432,4713000
297,1220100
1513,7166500
616,3052600
676,4618400
2427,6324500
19439,6408200
18862,4566800
338,2338000
414,4770100
13039,4068700
2552,640200
1166,4384400
1322,1754900
2063,1164600
8045,5828400
281,744400
297,1190900
2331,1569700
1890,3523200
8910,1889300
2415,3969200
1074,1890200
389,4285900
852,2812200
405,4288100
855,2651400
789,844500
519,391300
368,3110800
835,2228000
824,1818200
341,2588100
5748,5860800
17479,8163500
7613,7995600
2356,2466100
1104,2564500
312,1635800
494,10137600
4798,6455200
348,2916600
623,3385900
709,5801400
2689,4628800
2065,1332700
865,3057900
1241,6414200
485,6893800
555,1370300
5186,3673600
570,1810800
490,6592600
385,4046900
2947,4438200
662,4477700
7233,4334100
771,437100
492,6739300
8007,4661600
369,3346700
2658,3493400
1349,2252200
2342,1772100
5679,3240400
539,944400
1362,2876300
517,313500
14610,6588600
289,1012200
15905,6589500
2997,6943500
258,233000
1998,6544000
621,3351300
960,6449900
418,4691500
993,6750200
920,5526400
1186,4986500
2906,3648200
632,3746400
2018,7907600
1208,6650700
474,5994700
513,263700
887,3932500
294,1439500
1495,6710800
6145,2291300
738,6746900
2403,3448700
2598,1917000
308,1561100
1342,2228300
272,541800
1296,871100
414,4366100
716,5875100
3529,6304400
301,1457700
588,2374400
3213,5288600
668,4393800
295,1263000
2227,5627200
979,6093800
3013,6544600
1382,3639400
465,5917800
302,1347800
1717,5740900
13337,5692400
5460,4072600
290,1320000
1002,6829200
560,1562300
549,1548600
2317,1284800
263,322000
344,2507900
1460,5569400
1745,6252500
14117,6728400
4677,3898500
1945,5289600
1593,2084500
704,5360200
2136,3891600
424,4667600
438,5312200
2877,2755900
406,4479800
4344,1247400
795,1278600
431,5623300
1425,4406500
1617,2725100
363,3100100
361,3050200
513,218000
766,216300
6160,2755600
737,6591500
472,5901600
1031,534100
338,2448900
8337,6829100
270,579300
1247,6244500
4048,7518400
1016,143400
1407,4028400
1700,5308300
269,445100
1326,1677000
372,3365800
388,3642000
666,4511900
713,5851200
5669,2963200
1978,5779900
3108,2248900
334,2171400
647,3920300
4679,3504800
725,6627200
420,4689200
4296,7767900
6862,1022900
741,6827300
1388,3387600
552,1305400
2533,6909300
679,5325800
3024,6938000
1307,1190100
1445,4947700
505,6998300
595,2617500
346,2398300
704,5414600
708,5391600
366,3042400
996,6400700
518,374300
5306,7623400
499,7596400
907,4186800
1584,1954100
5915,2711600
2045,644600
1359,3185300
14745,2402100
1779,395800
3448,4645300
1977,5716900
3518,6787300
427,5047900
1148,4637100
376,3503700
448,5317600
1777,6794600
426,5292600
1073,1820200
3546,7730400
8224,3979200
342,2760700
1570,1716300
10157,9306300
618,3645200
473,6848100
1634,3911800
10279,5972400
4005,6263900
404,4167800
371,3513300
12595,5786200
1049,1091600
265,368100
1381,3407200
346,2733200
1768,7182600
268,567600
401,4215400
5527,6288500
1047,1079300
1179,4635400
258,162000
1641,3575100
727,6164600
2876,2765100
16978,9037000
5314,6978200
421,4655400
2117,2551200
1363,2907400
1008,6963200
338,2454600
7930,2604500
329,2400500
379,3523100
552,1893500
1627,3191800
649,4024000
408,4405600
1929,4554300
609,2856200
2144,3507500
382,4106000
6386,2051200
5226,5285000
305,1640200
3766,7264400
365,3931900
380,3690700
708,6377100
576,1995000
259,191300
8673,2166500
1503,6758100
674,5203100
2455,5224900
522,476400
475,9928500
442,6005500
809,1450700
6597,8491800
391,4955900
1350,2655700
323,2192500
6066,7217800
3628,2528600
1284,609700
3258,7440700
2743,6666400
1242,6644400
3492,6665800
1766,7216800
342,3684200
1043,1121700
614,3109600
329,2523100
1493,6099700
499,6747000
2320,1204600
6587,7661000
2442,4959300
349,2741000
261,351700
12066,5121800
2521,7138900
659,4204200
526,566100
352,2604000
8757,4727500
270,508700
1145,4069800
3481,5485300
3540,6791600
672,5220500
1367,2965300
2127,2992100
540,1056400
1469,5591300
9472,3436200
2939,4544300
434,5709900
3006,6636000
2081,1583500
1518,6941300
733,95381000
1182,4865100
1309,1396300
3168,3603000
393,3757400
2968,6039700
617,3102400
312,1696100
15806,3694500
3849,1680400
342,2582700
264,362000
300,1286300
2292,615000
6535,6292000
457,6017700
322,2231200
776,501500
879,3291300
13111,6420900
5512,5486500
273,579800
1114,2847300
558,1471000
7026,5951300
16607,5291700
834,2248300
801,1186400
315,1689600
18811,2982900
4417,3432000
9465,3166600
506,7050900
8878,8556500
342,2398300
914,4131600
468,5839100
270,480600
2947,4820800
3125,2600200
1794,855800
302,1435200
8115,7726000
356,2996100
1335,2018300
1287,676000
1478,6324200
6867,1189100
3973,5281800
546,1184300
377,3358000
3713,4762600
385,4167600
1024,401300
3153,3235700
627,3404800
275,662500
8156,1993000
2463,5128600
586,2283200
371,3436700
1822,1692800
455,5626400
9852,6834000
843,2196400
882,3374800
2183,4812800
675,4640300
1178,4679700
3785,6844500
257,139100
601,2567600
6911,2783800
2861,2258900
4125,2376500
369,3295600
8826,6490700
2235,6547100
593,2416000
554,1397400
393,4223200
1681,4452600
353,2815200
673,5161600
1073,2020000
923,4513000
771,354300
2800,498600
2235,6339500
367,3534300
6175,3017500
263,286900
3760,6090900
7115,1097500
477,6779300
525,719900
815,1612300
1732,6143800
395,4192100
675,4624600
1399,4425700
1588,1940200
778,619900
2838,1699200
927,4779300
472,6196400
2430,4104400
14141,6623400
1532,431900
428,4692600
535,806800
917,4215800
333,2324500
2169,4046800
934,4853100
269,483500
4225,4987600
657,4205800
297,1205000
606,3172600
781,778300
734,6331000
833,2118100
601,2567100
2420,3925200
814,1490800
543,991900
539,887600
4023,6673900
1408,5921200
403,4105100
1486,6699600
280,753000
1013,6805000
941,5218500
416,4717700
871,3523100
5182,4302400
484,6526700
8007,4695800
1698,5053600
670,4438500
2618,2435600
1624,2950700
2605,2775500
1252,7634200
708,6141500
8651,1614600
422,4558500
377,3325800
2653,3373200
973,6126800
2542,378500
419,4819700
1530,388700
319,1771300
11554,5053600
342,2398200
266,377600
4315,7685300
2706,5197500
2887,2817300
1549,906600
910,4203100
503,6625100
5289,6395900
389,3685000
1276,340600
763,146800
6681,3135100
1122,2985700
1220,5942500
262,319800
1164,4096100
2496,6736900
2732,6094100
2805,837900
280,742000
1438,5568700
327,2475800
2245,6235500
1048,1022600
369,3096000
3373,2306900
338,2358500
2604,2146600
6253,5672400
465,6465400
3415,3608700
537,1058000
432,5032500
853,2614700
5624,1727200
3780,6802000
395,4107200
675,4561100
3792,6896900
14644,6757900
636,3648300
354,3417700
322,1997300
11464,2330400
651,4648900
547,1232500
2391,3353400
576,2010600
318,1873700
487,6598300
298,1429100
909,4320600
660,4695300
261,255800
342,2485800
792,916100
1474,5652000
338,2254600
3046,7592100
16694,8326200
759,7509000
8358,7772400
591,2687000
1761,7285800
1503,6695000
8047,5769600
408,4110600
1367,3070500
351,2894200
499,7104400
9292,5560600
556,1487600
264,319300
311,1662900
323,2270800
264,451500
1496,7008800
782,806700
756,7844500
307,1639200
7637,1625800
6366,1240700
10536,4975400
3511,6678900
684,4997600
402,4598900
384,3814700
320,1819100
588,2389500
771,388600
601,2651900
7633,1448200
1186,5140600
878,4168600
10363,6767400
830,2175100
376,3720300
584,2279600
11314,5997400
19327,3827600
3935,3984100
957,5564500
2792,7288800
788,1031500
1144,3887600
6568,6934200
10355,7061900
393,3971500
10217,2992600
1513,7710800
10377,7577800
675,5453800
559,1999700
1094,2501000
405,4351200
475,6155700
1396,3929800
663,4466400
637,3832600
2691,4507900
309,1672500
338,2409700
536,852500
1727,5891600
311,1632000
12940,8332800
324,2066400
1600,2230900
321,1831200
965,6008100
418,5370800
948,5764400
8592,7266500
1990,5992200
3332,1448400
884,3488400
1320,1580600
6542,6265000
307,1461700
762,110800
1996,6042200
678,4819500
342,2385900
1620,4093300
1369,2886300
353,2777900
432,5196300
1195,5110700
4935,3998200
381,3954000
4977,4933500
1812,1897400
2255,7106800
8035,5678100
12278,4496000
540,1109200
3077,1257100
1393,5777600
3725,5316100
346,2882900
7573,7423600
9517,4647600
567,1784400
552,1300700
2148,3547400
17320,3685200
5661,2711100
364,3028100
497,6764000
791,935100
1607,2513400
3113,2151200
712,5428800
986,6596600
3916,3388300
3215,5031000
1550,935800
912,4132500
929,4787900
5813,6693400
2854,3092100
3067,1214000
258,198800
13511,3138000
405,4143800
463,5674700
1274,393500
502,85348100
1754,6431500
1549,903100
670,4652100
434,4866500
2544,533800
2251,6951700
430,5206900
329,2051200
1332,1897800
1433,4515100
4605,1661300
3213,5031400
1638,3548700
309,1732600
11402,7844100
685,5249900
2850,1847200
524,509600
8892,1158500
283,905300
338,2341600
489,6649500
3064,885300
525,557000
329,2011800
270,489900
1475,5733600
644,5837500
348,3033500
1371,3183900
667,4512400
592,2523200
2195,4913300
322,1936000
256,103200
451,5730400
2839,1712000
733,6843600
1536,550500
433,4826300
2073,1590100
328,2370500
1950,5180100
2458,5839000
588,2184000
779,601400
286,1118400
3563,724000
4319,683700
11911,8216700
9619,7726600
7981,3870100
763,161000
619,2997300
600,2672800
684,5162900
1496,6463400
392,3797800
5498,5451700
483,6512400
381,3500900
267,441900
482,6124900
1546,881900
871,3165600
255,78900
2924,4003000
429,5038300
1995,6012300
507,7405000
4128,2415600
694,5561400
1133,3406800
4946,4726100
3748,6095100
1390,3388600
1936,4481700
2311,1209100
700,5946700
318,2052600
468,5921300
6825,6904900
831,1988900
3693,4383600
291,1018100
1614,2745300
530,706400
463,5864000
269,474700
274,581600
2437,4537900
305,1393800
411,4917900
342,2522600
15763,2477400
6445,3784500
4156,3200000
1448,5478200
569,1794700
10181,2143400
7283,5851600
1547,807600
1975,6060700
4263,5886100
5040,6679100
351,3047700
8667,2570400
6198,3960300
1617,2764100
344,2705700
270,487000
3950,4495600
5665,3099100
1737,6292200
1884,3155900
292,1155800
706,5438100
875,3670400
474,6651900
2457,4973600
255,127300
1049,1320400
576,2369600
1314,1814100
399,4273800
3766,6425300
8802,5745300
277,659700
489,6456100
914,4618700
817,1593800
1632,3161600
4924,3319000
8478,3957600
1115,3235100
7733,4841300
1711,5167600
1539,876400
8437,2699900
1044,879000
919,4690100
1621,3065800
4056,10847500
441,5272800
307,1500900
492,6876500
10397,7860800
646,3814500
341,2538800
299,1226600
355,3279400
1444,5323700
1704,5005000
393,4023000
2365,2641500
443,6021600
294,1363000
769,371500
493,7131900
287,1054300
958,6715400
871,3398000
567,1848800
655,4673600
275,1025500
1890,5024300
1656,3981500
336,2425900
533,801100
444,5724300
14291,5467400
966,6658500
1206,5126400
652,4897700
18030,9869000
12229,2567700
1779,288800
2131,3036400
3273,6564200
1365,2833200
6450,3403000
432,4979500
290,1121900
8406,1817400
11984,2822700
860,2747000
1695,5772100
622,3518500
669,4686600
767,254700
317,1698200
1685,4911300
486,6692900
1708,6106400
1724,6131300
402,4156400
1653,4025600
1938,4513300
425,4961400
977,6552700
717,6035600
260,215600
752,6559200
301,1340600
1366,2801900
491,6468200
969,5691600
668,4413700
2269,6982500
547,1306800
929,5068200
588,2439700
278,776400
306,1434500
436,5240500
5378,2197100
1478,8953400
3363,2142600
657,4098300
382,3573400
3442,4413300
901,3917300
383,3495300
365,2995500
1046,1394900
291,1033300
402,4284000
329,2159200
479,6030100
529,655000
399,3952300
665,4352500
14878,5893900
780,781700
1671,4034900
754,6852700
478,6687100
1098,2592000
8201,3269100
2662,3599600
945,5007400
695,4974400
5143,2646500
2570,1273600
3689,4346800
13227,2256200
255,76500
343,2463800
667,4725900
254,58600
732,6148300
1174,5150200
262,267100
1072,1687800
9462,4002600
10274,4542100
3151,3344500
8751,4273800
2761,6555600
2480,8281900
314,1854200
8627,7861600
1263,6955600
818,1608900
6837,7129600
2309,915300
3309,648500
775,472900
4519,6265800
656,4105200
602,2622300
4431,3564800
570,1719700
629,3461100
946,5063000
4528,6525200
1688,4983400
727,6187600
642,3595300
598,2639600
1813,1274400
2495,5939900
994,6328700
16709,8060500
584,2442100
1984,6808400
1582,1979100
451,5348700
1080,1874600
1046,1071700
2433,4225900
1881,3420300
3879,2520500
722,5740300
556,1335500
11995,3092400
3490,5896500
4750,5327200
4921,3229500
4914,4141200
470,6150700
1122,3101500
336,2305900
664,4609200
635,4104300
10106,7275300
835,2174400
263,285200
2151,3439300
4811,7041100
1394,3505500
352,2786500
6365,1217300
1758,6516300
1567,1412800
429,4923900
349,2966200
769,377700
1082,2116100
1752,6446900
571,1821400
5535,6501800
638,3706500
305,1491800
667,4362900
1139,3713600
2336,1730500
3431,4886500
442,5327800
275,686600
1413,4392200
257,183900
282,810400
409,4131500
492,6407500
388,4274200
843,2441600
888,3660500
3633,2812600
260,303300
17328,4362600
564,1610500
1551,1261500
9546,5826900
590,2483000
273,888300
424,71772600
469,5910600
450,5588100
329,2292100
2985,5941300
1292,816900
2421,3927600
365,2932800
503,7019900
5545,6931100
851,2559300
427,7272700
633,4400600
1528,400900
1405,4130200
701,5462300
2349,1954900
1792,708700
267,384700
4309,7421900
385,3591700
303,1450200
530,702200
10303,5537600
1556,1150800
599,2631100
373,3641100
610,3186600
1628,3039000
329,2552400
18458,7348500
527,605400
3296,7256800
373,3621600
435,5202600
654,4313700
339,2604600
451,5426400
1093,2207900
434,5355300
721,6576400
1721,6215100
950,5486600
254,92000
6920,2937100
1029,648400
2360,2377900
3648,2911300
1360,2969600
1894,3654700
1673,4564500
4724,4857400
598,2583400
258,160300
1905,4824400
293,1159100
972,5726500
407,4121200
649,4145200
1085,2050700
2111,2488300
303,1329600
1318,1448300
435,5023500
492,6571500
305,1435700
403,3896800
273,730300
647,4014300
4281,6743100
1327,1722900
633,3655600
835,2359400
699,5563900
2363,2541000
398,4577600
373,4057900
1345,2393200
11308,4956500
301,1288800
918,4271200
344,2592900
340,2529600
301,1295800
533,775200
362,2836200
696,6486400
1588,2470700
272,803600
5088,1184900
1688,5840000
6386,1992300
798,1191200
435,5782100
1788,597300
577,1965700
602,2691700
1889,3270200
326,2064800
1411,4216100
484,6936600
601,3358300
1233,6904800
618,3768200
621,3430600
9934,2402900
391,4144600
563,1787200
2341,1990500
281,1273600
1098,2432700
273,661000
1687,4912000
1765,7812100
2091,1852700
7341,7469300
453,6108000
7126,1327300
6992,4589600
518,344600
1294,885100
295,1138300
480,6629700
672,5352700
612,3640700
472,6571400
3220,5202100
369,3404900
860,2788500
326,2128600
381,3670100
918,4938700
4657,3629400
429,5419200
2593,1829100
745,6618400
2986,5559700
1160,4006300
306,1607900
804,1262000
517,381500
2256,7084900
336,2342200
282,840300
712,5532000
516,292700
353,3454800
6984,5162700
1887,3253500
546,1293000
496,6582100
1807,1044500
6641,1990500
755,6829400
613,3342300
842,2872300
3646,3184500
1410,4761900
13617,7356800
390,4098800
318,1803300
374,3331700
3057,633300
865,2839400
1694,5912400
1026,574300
306,1616300
279,919800
378,3749800
2193,4715000
370,3232300
481,6536800
2726,5404100
2789,7837800
856,4200300
1461,5370800
4749,5610900
2985,5740000
6341,8107100
962,5782100
487,10211800
263,359400
1147,3878300
805,1261100
284,875600
12432,8453100
568,2033000
383,3613200
2588,1876500
3314,862600
289,970100
9477,4677000
879,3285300
774,515900
302,1333400
5247,4975500
455,6061100
3968,4698200
1515,6519900
2347,2092000
1001,6821100
367,3131700
12362,6645900
1506,6995900
3348,1748100
7985,4122100
2854,2045300
2005,6330200
4931,4164000
1512,7063100
4675,3525000
796,1006600
278,685800
890,3465300
522,501500
493,7021400
271,793000
769,405200
838,2215200
477,5921900
2757,6443800
1327,1789700
292,1147300
1175,4756700
754,6800800
1529,408800
480,7280600
536,1036200
1863,3093300
3026,7478600
1429,4609300
1664,3928600
4079,1084300
10648,8264900
2790,7499000
617,3258000
2587,1580300
312,1621200
791,942100
432,4804900
833,2104100
356,3104600
583,2253700
589,2231500
16051,3427900
2044,610300
8809,5663900
566,2103000
974,5894200
999,6524900
1012,7259500
2237,9037300
16511,2501100
446,5251600
634,3885000
279,760300
2010,7139400
733,6574100
1123,3602100
647,3762700
284,914900
10311,5318500
5178,3281800
3037,7205600
273,598300
484,6542800
19561,2759400
483,6355200
389,3685400
1373,2944800
963,5576700
4128,2565500
581,2024600
518,349400
744,6904700
1689,4917800
318,1863600
695,5108200
683,5102800
386,3601800
1963,5253500
307,1474400
1088,2130000
2436,4577700
1003,6854000
7201,3410200
285,861300
3012,6579600
264,326800
5107,1451100
777,521600
332,2122600
541,983800
277,703200
6813,6446600
256,113900
740,6937700
991,6668900
500,6746900
285,955100
6472,4135200
976,6212800
8829,7789200
905,4961600
262,333100
1727,6658300
5227,5062100
260,211900
2336,1646000
342,2419300
8203,3468200
480,7113200
804,1268300
264,343500
2801,608000
3327,1179700
1222,5882700
814,1659400
455,5361500
336,2293600
296,1352800
1131,3281900
1513,7541800
1120,2943900
5249,5246000
9254,4530100
327,2258400
7488,4377100
411,4479300
1856,2775200
15092,5326600
522,454800
905,3910500
1042,850000
647,4083400
879,3276800
303,1305200
587,2264900
759,7245400
458,5616000
2178,4312600
621,3323200
2727,5492100
2480,5853200
9085,6565000
341,2833500
254,125200
10979,3593900
365,3188300
4255,6478900
424,4902700
12561,5154700
767,318300
524,670900
427,161211400
306,1516100
2065,1167500
3340,1568200
4401,2792000
374,3579700
1009,7073200
2737,5630000
264,315500
335,2205300
264,311200
933,4806100
1000,7061300
319,1761600
2167,4684700
8602,7150800
655,4024400
748,6712500
5420,3091600
257,131800
614,2907600
1263,6832100
1711,6171600
846,3025500
856,2648300
295,1154700
1754,6675000
7852,7208400
540,1000300
1415,4267200
428,4797400
1581,1696000
462,6170700
416,4695000
380,3549500
854,2778900
555,1483800
2927,4399400
602,2871100
424,4855200
264,317300
319,1821100
1101,2422900
774,663200
6272,5791200
1734,5809300
578,1919800
427,4917800
6935,3311700
11417,8088800
3685,4399900
15059,4002800
5503,5372500
2303,821500
1746,6490700
681,4872000
358,3217600
14450,8434700
1969,5375300
2379,2833400
8263,5096200
14110,5876600
1250,6451000
648,4097800
440,5390800
6348,8012500
646,3992000
376,3309400
821,1718700
8548,5673300
433,5242300
3539,7141700
4864,1621400
19716,7074400
1167,4130200
1185,4797100
1623,3260700
7791,6158600
5106,1480100
483,6664700
1213,5829800
350,2671000
254,63700
566,1759200
308,1490700
299,1481300
6479,4761300
17975,8681900
305,1413900
419,4496700
264,308200
2861,2272300
1379,3493400
473,7183700
2422,4909900
562,1785000
661,4278500
453,6072200
4513,5866000
3152,3440700
2358,2256300
829,2099800
371,3379100
5771,6497000
3306,594900
1255,6832000
2484,5865900
1463,5428500
310,1522700
588,3604700
668,4513900
1494,6331900
1020,267800
406,4177700
858,2946800
342,2836200
449,5455500
9508,4707600
545,1213200
286,926000
637,3833700
475,5965300
321,1905600
4875,2087300
12272,3657100
254,46200
435,4859300
1642,3312200
1674,4908500
388,3643500
475,6095400
314,1640300
11603,6542800
333,2234300
968,5708300
1402,3933500
1541,746500
559,1526300
293,1161800
308,1506900
710,5934300
1104,3299300
6869,1549900
936,5935400
3205,4470100
5510,6193400
265,345100
436,5177300
893,3716700
3847,1503800
398,4077000
404,4280100
2580,1546200
316,1731500
1843,1963900
1814,1301400
1296,945400
3446,4516900
674,4538300
1024,348700
769,297900
728,6025300
334,2534600
5621,1786200
8757,4631500
441,4925300
690,4955800
5938,3606800
815,1712100
637,3712600
367,3329500
4442,4025900
631,3632100
384,4007000
625,4324100
585,2455000
2418,3903100
2221,5635100
312,2823500
334,2889400
2935,4875000
271,506300
845,2779900
448,5787100
679,5047000
3589,1390100
1059,1299200
575,2028100
300,1533500
746,6859200
345,2514800
612,3005600
4323,692600
1844,2104800
1232,6255900
4714,4782400
762,127200
1259,7041600
4554,7658100
761,8643500
6015,6115100
831,2070600
1775,7353000
1796,993000
522,511500
8650,1648800
843,3038800
2616,2614400
3918,3672200
423,5545600
437,5180300
787,850500
755,7541600
375,3686600
7820,6989300
2676,4012000
943,5069800
1112,3267000
12397,9037600
3282,7641900
1132,3215100
4291,6994300
271,545600
810,1588300
644,3720800
475,6031700
553,1491000
372,3243400
504,7039800
4382,2457300
3819,923500
462,6781700
288,1163000
443,5406600
431,5008600
5431,3544300
527,738100
1447,4905400
2231,6130000
399,4232100
1964,5219600
1224,6293200
633,3555800
1360,2622800
2195,4606000
839,2622300
1971,6113100
3178,4058200
390,3883600
359,3064200
2081,1663200
1569,1418700
2626,2584900
352,2631300
838,2069100
518,331000
3419,3596900
624,3525500
5256,5780100
295,1203300
2677,4104900
5173,4573700
958,5496400
1783,369400
3960,4586400
270,462300
1459,6032500
667,4927100
3753,5966100
2353,2408600
4488,5178700
4805,7114200
355,2991200
1864,4054600
360,3006400
1178,4553000
287,954300
259,204200
294,1125100
807,1363400
3862,2820400
782,701200
2435,5086100
1932,4721600
2628,3024600
376,3381900
416,4417200
2317,1330700
426,5081200
436,8242900
386,3740100
1141,3951000
605,3208500
812,1758800
7711,3553500
1885,3353500
1245,6483200
2282,7209200
9931,2289000
542,1254100
681,5805800
577,2072000
282,798100
356,2844700
733,6502700
3040,7226800
299,1377000
8177,2367600
257,140900
3636,2693500
4450,4606400
14631,6190300
794,1088900
1688,4730400
2226,5996400
2841,1864900
2124,3224000
738,6682900
261,301900
2103,2320000
4826,605100
1307,1412700
1772,7156300
538,54300400
830,2085100
4222,4723700
3147,3257200
433,4950600
18235,11331800
468,5772400
733,6195500
444,5922800
256,143500
413,4948600
1507,6973300
4989,5132100
563,1563200
547,1111100
1070,1635900
669,4588300
1579,1910500
8107,7706000
709,5694600
8341,7459400
18010,9184500
292,1318000
2016,7031900
4027,7443700
447,6095000
445,5768900
12441,9336300
1307,1274000
1627,3042000
422,5190600
1194,5405600
461,5848300
809,1848000
3767,6618800
3292,7092000
2591,1996600
1932,4972700
327,2457900
8544,5625800
272,526700
1116,3207800
337,2683500
2331,1496900
1276,424000
271,593200
255,75300
14976,8587900
1627,3300400
1110,2818400
269,458100
620,3096200
284,939900
867,3143300
372,3522900
18576,3387400
519,518600
537,893800
665,4373400
1550,1035700
323,1838700
2113,2503900
587,3268600
460,5689700
14571,5060000
755,7450300
267,434500
612,3348900
1692,4803100
2018,6802700
3707,4681400
526,546400
3840,1343600
2097,2821500
2284,7391400
1550,930100
1370,3111200
352,2901300
453,5598500
1610,2515000
713,5697300
525,804800
2868,2846600
2344,2063400
17410,6419100
279,709300
1036,675500
6745,5264400
781,701000
2793,7457700
2007,6511200
296,1244400
403,4076100
709,5535100
17948,7395200
566,2636600
6067,6948200
951,5625200
729,6505900
279,709400
257,146300
1428,4567600
1795,1082800
828,1916700
8877,8003200
336,2261600
1195,5317400
305,1497200
4218,4712900
1747,6546900
1958,5325500
1869,2583300
601,2579500
399,4529000
277,707900
331,2183000
2445,5532600
2101,2556300
676,5272100
313,2013400
4043,7218600
318,3002600
974,6418500
1099,2462200
1737,6286100
17306,3449200
2729,6372100
841,3801600
1758,7567900
438,5904200
1490,6895200
800,1329500
1305,1279600
413,4825100
1028,457100
2139,3505000
16187,7786100
287,951300
934,5102800
321,1979700
806,1790000
2337,2171300
428,5098400
1739,6204300
1756,6993300
960,5854300
7104,7821300
1077,1821100
3155,3322100
404,4232700
7225,4161900
619,3312400
313,1721900
302,1524800
353,2924000
255,86300
8443,2984100
4772,6477300
431,5335600
291,1177300
6479,4697400
281,841300
560,1648100
478,6532200
4074,1080000
439,5380000
438,5617400
270,576100
650,4310100
1716,5316700
1786,469600
296,1189700
339,2638700
807,1409300
5542,6273000
542,1002300
941,4925200
352,2684600
319,1994400
314,1673500
615,3247100
690,5281300
10704,2484000
10557,5088400
427,4538700
488,6293800
423,4515100
3510,6349600
1029,560900
2151,5788600
270,491600
312,1611200
11464,2497300
700,5324900
474,6420200
385,3711200
4261,6476500
713,5766900
5802,7529900
353,3322300
15939,7289100
1532,437700
2197,4645900
538,897900
1913,4023200
1553,1019700
1386,3203500
11091,6366000
2153,3782400
16694,7282100
375,3492900
310,1699600
814,1589000
1146,3705600
1163,4339100
1779,260600
2913,3852900
585,2330500
2485,8528800
853,3830400
10490,3834400
1602,2285700
257,135200
2403,4030500
354,2772000
881,3314900
307,1561900
288,990000
367,3378200
300,1385800
12583,5470500
832,2141000
323,1928400
367,3171800
648,4103800
305,1497900
12327,5366000
1003,7064900
1351,2668100
379,3576900
1896,3810700
1365,4144200
505,7630700
294,1438500
535,1016500
682,5136600
1475,5858900
470,5945500
312,1628500
347,2513500
7000,4871900
5911,2754000
8020,5438500
4997,5624400
1104,2606800
594,2747300
683,5152500
626,3218300
3659,3309500
365,3187100
441,5587400
636,3678800
755,6678200
657,4195300
433,6303800
2376,2858900
490,6916900
4921,3169600
959,5495200
312,1738200
2852,2410400
382,3546600
12796,4767700
5881,1882900
1452,5089100
362,2972000
14927,7386400
1181,5014600
490,6439500
293,1121300
276,674900
274,601100
6184,4027500
715,5973200
2788,7157900
8191,3244800
3727,5543900
2574,1300100
3196,4599800
3871,2165600
1084,2173900
4711,4547500
263,303800
4746,5934500
1277,592800
3494,5974600
15744,10262700
1865,3234100
1013,7973600
8001,4743100
514,244200
2329,1530900
279,1033300
577,2138800
831,2032400
364,3304900
538,1007100
2702,4959700
8718,3624000
350,2691600
1446,5027200
4984,5021000
967,8427100
1621,2930800
688,5157600
1775,8359400
1974,6282700
388,3803300
1480,6633400
860,3227100
2927,4454900
663,4486100
3760,5936700
3195,4490000
8997,4182100
443,5274900
1560,1202500
7226,4301700
313,1705000
646,3968900
567,1686700
618,3168200
1046,923300
354,2823900
2939,5062100
306,1451000
2444,5021600
6191,3482700
297,1308700
4030,6789700
266,416800
273,602600
306,1681500
1877,3053800
530,727300
4057,60283800
329,2120200
5100,1236200
563,1636700
397,4000900
1012,7877000
257,134400
700,5260900
398,4027800
1130,3268500
1000,7169400
1451,5315100
556,1409600
1951,5159800
4039,6621900
268,447900
18244,8483300
9892,9459100
5003,5558600
593,2396500
532,699900
1026,422000
449,5247200
1584,1873900
428,4687200
3514,6578400
4928,3478300
6342,7388600
810,1461900
441,6048100
9023,5641400
294,1858500
274,634100
423,5084000
460,6161000
453,5640900
3159,4924800
11134,8170700
266,506000
3981,5954300
1030,720300
4225,5806600
10885,7624700
1897,3647400
431,5228700
985,6648100
597,2570800
1415,4076500
12222,2902900
696,5482800
368,3273900
1005,6859500
836,2244000
5738,4912000
539,984900
4223,4992100
528,699700
468,6226300
609,2910300
505,7444900
741,6737500
2065,1200900
2342,1837600
528,597700
858,2702700
3734,5194900
546,1084400
1121,3564000
2930,4951700
347,2643100
1110,2662600
467,6383700
963,5580300
622,3291000
14930,7556400
2820,1087100
488,6359400
595,2407400
668,4576600
1078,2153500
439,5011200
317,1840800
1513,6697100
1839,1835300
688,4797800
1518,7096100
8209,4346500
258,160600
6476,4951100
431,5063900
287,1513600
1782,374700
11492,3266200
1267,6931300
1195,5448300
310,1526100
4764,5785900
593,2376300
3771,6524500
843,2330100
5512,5665300
5098,1254400
9227,3740400
405,4974100
526,603100
396,4200500
360,2916200
297,1326600
310,1981500
1744,6466200
539,953200
19714,6880800
268,539900
399,3908000
2818,1002400
1365,2857800
352,2757400
3185,4418300
704,5314100
1941,4448900
486,10092100
521,466200
653,3915600
439,5340300
409,7004200
424,4989700
1028,515000
3065,954200
260,232500
448,5598500
311,1584700
1044,864100
3149,3386100
1312,1515100
868,3129000
5199,4698700
661,4407000
10977,3098000
705,5750200
5960,4141300
2209,6429800
510,186900
518,520800
1513,7448200
620,3247000
398,4083900
270,514400
1581,1784900
2394,3462500
405,4208600
942,5106900
419,4861600
1326,1969100
1832,1678000
4638,2756900
278,796800
2611,2506100
488,6736400
350,2602400
1672,4805900
1413,4563200
466,5956900
561,1503100
896,3857100
1019,205800
18555,2922200
450,5745400
1261,6721600
610,2903900
276,666400
859,2726300
6675,3068000
5229,4835100
273,618800
4065,553200
745,6698400
1180,4983000
1808,1223500
3716,4872000
496,7246500
1212,5435400
1059,1385000
1787,465600
1890,3681400
325,2134700
4488,5263400
1301,1287000
839,2452600
362,2950500
509,149500
5384,2013800
3130,2744900
275,608600
2175,4297700
461,5824600
272,577300
1357,2610000
327,2027800
403,4013100
3871,2249400
738,6443700
5465,4504500
483,6175600
394,3872900
262,284500
1249,6605600
9132,7706700
2880,2806500
10524,4506200
11838,5801500
15459,8082600
293,1153000
896,3789200
378,3385200
2144,3288600
869,2975000
1138,3402200
603,2751800
3122,2469600
4377,2070500
305,1364100
567,1700500
3731,5188800
1183,4639600
3273,6692400
428,5274300
3065,1050100
731,6185600
1052,1119700
9019,5097800
508,90500
1443,4842700
473,5997700
2573,1333100
297,1203100
1845,2067400
413,4301400
275,962500
10455,2583800
3494,6193700
882,3810600
3024,7189900
279,690300
882,3518700
382,3459700
738,6459000
17735,8823500
7254,4969700
4172,3928100
523,610700
2865,2640100
379,3674700
1123,3149900
283,1060900
1259,11816300
881,3866400
890,4110700
3962,5200700
1673,4647700
376,3585800
327,2377200
443,5591700
433,5347400
494,7421200
6304,6301700
609,2919300
470,6702600
1972,5688700
1092,2278500
1871,2651700
3138,3279100
377,4235900
262,345000
1602,3263400
1099,3034200
2823,1181600
357,2880700
478,6319500
268,443200
1097,2310600
444,5330500
2316,1389300
1155,4073900
2840,1676400
15220,8242900
561,1761900
339,2384300
278,864300
269,460500
842,2336800
922,4266700
1517,7011600
1825,1533700
367,3536400
333,2231100
1238,6608800
3611,1935700
518,365800
10632,7120700
1752,7691000
598,3072700
346,2705300
894,3678200
611,2846300
457,5510400
651,3849000
887,3441500
1022,341200
7818,6882900
1894,3443500
265,440100
619,4684000
1594,2336500
394,4129700
1171,5003500
1103,2566800
1143,3578100
5193,3981900
2216,5472800
286,916600
507,7068600
268,512900
414,4488000
496,6786900
821,1727300
493,6648500
355,3040000
671,4709900
343,3035300
264,396100
4416,3670100
1800,856400
632,3390800
1216,5545200
1684,5018700
600,2598100
2004,6628700
711,5761500
305,1474000
849,2447200
270,478800
5873,1669200
990,6836200
8777,5086500
5908,2640500
2533,7076500
403,4196500
4598,1303300
10047,5055500
4731,55380300
4959,4316900
616,2895900
1558,1113800
438,5161300
2495,5744400
735,6214000
875,3153600
336,2172000
1345,2246200
294,1089700
554,1295100
7401,1898100
370,3358200
2702,5311000
741,6440800
1570,1498500
622,3541000
691,5156400
15755,2366700
1106,2663200
323,1921300
1497,10716900
1862,2612800
257,138600
664,4390000
1082,2043300
388,3801600
407,4539500
394,3928100
2580,1534000
1098,2397900
1748,6043600
373,3382100
8758,4696800
329,2016000
3734,5666300
969,6505300
367,3056000
1781,371700
2325,1354800
18817,2946600
296,1301000
1736,5958300
10413,8093800
1055,1260600
288,937100
493,7990600
4492,5944100
813,1540500
4814,7428700
856,2712600
4508,5805400
378,3281700
5517,6253200
563,1695300
1442,4974900
1611,2725100
3077,1240800
539,881300
762,108000
263,348800
799,1100900
2468,5233200
598,2750800
654,4156500
1225,5957000
9356,6922400
789,934700
1400,3894400
7047,6101800
5703,4041400
3839,1289700
380,3951000
433,5219000
490,7410600
1130,3598400
1168,4664200
272,690300
774,449600
752,7240500
4389,2706500
2615,2379600
682,5079300
371,3260400
2721,5440400
7963,3576200
1198,5495500
324,2338500
350,2629100
11845,6763300
865,3105300
2848,2029100
415,4788200
261,259400
290,1139900
343,2597600
797,1096200
998,6781900
749,6990800
400,3965000
1479,5945000
478,6047300
2146,3276800
291,1017700
4486,5246900
1661,3895200
742,6546700
1650,3778000
454,5752400
669,4335000
12190,9133700
1798,772500
4283,6614300
297,1196600
1472,5943000
4679,3832600
3271,7026400
933,5165500
703,5776700
4864,1708600
648,3813900
929,4830800
1527,581800
1354,2576300
1197,5053700
794,943400
1112,2738500
281,909800
2702,4956200
922,6565500
417,4958600
647,4752700
292,1349200
454,5510500
361,3287000
1091,2500000
356,2776800
1487,5994300
775,503900
972,6209500
443,5240000
871,3196700
277,743400
2179,4225200
904,4188700
575,1927600
2307,882400
695,5144100
427,4752300
11917,7868600
425,4621400
317,1822100
945,5043600
10914,8015500
4090,1325100
381,3841700
1327,1701800
742,6355400
887,3304600
399,4135800
531,789400
396,4061800
727,6350200
413,4863400
1607,2504100
838,2223700
666,4961700
280,966500
2925,4720800
2530,7404700
1435,4600800
732,6429600
10561,5692900
315,1691800
891,3683600
13811,4348600
389,3893200
607,2842900
306,1488600
7110,7675200
368,3034200
634,3488300
962,5553800
551,1229100
10437,1950500
468,5719800
2415,3743700
11228,3162600
291,1149100
1135,3579600
2596,1975100
431,4854600
336,2471800
3501,6113100
374,3490500
466,6156400
11392,7498200
262,332600
3081,1375000
1368,3153800
3177,3978200
1743,5997800
283,976800
424,4618200
3323,1240500
290,1204000
3902,3164400
4503,5663300
983,9598200
1318,1441700
495,6475700
876,3239000
859,2891300
303,1332100
1628,3092400
385,3903900
10464,2842500
9607,7207800
384,3612000
4850,1244300
2557,868100
412,4708500
5626,1947200
2315,1222400
856,2779200
2875,2510000
1376,3428400
291,1047600
875,3558600
270,609900
1002,7115100
8314,5966900
471,5858700
3191,4224000
9370,7798200
3497,5752800
2294,623400
1489,6045300
482,6363400
3854,1865200
424,4933800
8937,2642600
323,2121000
2880,2749200
536,907100
496,6948300
1008,6998800
278,711400
1341,2053100
385,3507200
1991,7627700
462,5764500
966,5799500
279,750000
422,4868200
1133,3355000
1055,1249700
3596,1915500
876,3479000
6341,7778600
287,934700
859,2841900
3390,2900900
887,3784100
701,5711300
539,934500
856,2612000
8932,2323700
397,4328600
278,872300
781,764900
756,6538800
6468,4209200
705,5621300
2297,771900
6832,7402000
1684,4862800
2832,1405900
1085,2085500
349,2672200
347,2588200
2604,2111500
912,4303500
316,1769000
1158,4088300
1274,377800
851,2533400
473,6131300
1235,6447900
2776,6995600
10166,1778900
278,738700
1403,4073400
5766,5516400
1443,4914900
3661,3280800
3237,5411000
380,3378300
367,3061000
660,4628500
733,6065400
4201,4717100
312,1859000
364,3120000
1925,4499500
1318,1634300
305,1420800
392,3841000
981,5919600
304,1415000
13556,4148000
2890,3012300
2689,6661300
1340,2152200
996,6314100
3501,7047700
545,1366000
1566,1300600
369,3069100
4128,2480000
1643,3902600
2101,2253400
5247,7387700
2972,5509300
1280,426500
2128,3173000
2599,2514500
2561,876700
465,6243100
397,3990800
403,4079600
399,4336800
501,7782700
977,5962500
376,3295900
2401,3437700
276,967900
5178,3424100
12512,3394000
2220,5596400
2782,7189300
271,628900
1020,362400
6351,1144300
12706,2250500
1999,6401700
329,2107000
429,4697500
1605,2304900
1189,68860400
395,3804600
5454,4069600
568,1788500
7055,6658600
283,842600
611,2797300
699,5020500
1563,1212100
408,4212500
2176,4069100
321,1768900
323,2006900
434,5314900
617,3108700
2114,2635900
645,5765400
632,3934500
1324,1665500
9827,6061800
2193,4898400
1023,442000
631,3638900
4544,6654100
718,6091500
5697,3787400
5137,2224100
599,2557900
554,1313400
531,679200
658,4279900
682,5986600
382,3805200
394,3743400
281,805300
732,6565600
1789,583400
672,4920400
442,5037900
1887,3220400
594,2451500
5054,6886100
6122,1580300
301,1364300
18303,3119100
429,4846900
3345,1656400
439,4966000
1764,7195900
293,1318300
559,1705200
319,1871500
356,2851700
496,6925900
8271,4992900
607,2734200
3118,3047600
502,7664100
452,5558600
395,3979200
721,5906700
15685,7640800
415,4706900
547,1094200
437,4987000
287,1025800
3124,2455900
3354,1911100
935,4817200
896,3735200
526,545400
406,4236400
416,4965000
479,6000400
311,1559100
534,783500
281,836500
489,6265300
7402,2047900
631,3275900
398,3776300
1196,5182800
1222,5906400
13435,8933200
3955,4392000
1098,2444900
15474,8451900
268,439900
688,4803900
906,3960800
3258,6072600
2195,4692600
2172,4331300
270,628500
1242,6778100
1835,1830900
326,1983200
5133,2146200
840,2181800
1417,4261500
337,2323300
303,1376600
739,6188700
2193,4541400
925,4595000
304,1516600
309,1523500
1009,6821300
1573,1550500
1197,5635300
395,4438900
390,4229200
4460,4996000
2602,2954800
932,5385800
645,4134600
921,5207100
2674,4204000
721,6197000
633,4212400
950,5781000
328,2275300
349,2889700
1375,3616600
5663,3716700
2342,3116200
322,2424400
696,5626800
2298,648500
707,6057000
743,7308300
468,6179300
4135,2698100
714,6111300
1617,3121400
3249,6564600
308,1904100
9953,3009200
2766,6812400
558,1473500
1122,3067700
339,2416600
397,4426500
9074,6783600
429,5120900
2472,5568400
9270,4559100
288,976500
340,2319100
1500,6769400
9380,8066700
1391,3544800
1499,6839400
17964,7907100
3203,4973600
2822,1176700
525,549400
1030,622300
831,2053900
1906,4021000
330,2606600
4735,5761800
4058,7096300
388,3717300
1057,1406200
1144,3674000
3327,1532700
1747,6172500
807,1472100
6203,3887100
4530,6233900
260,205000
340,2348400
490,7023400
656,5095900
444,4999500
2311,1038700
1071,1687400
1167,4428600
817,1631900
603,2579900
280,774400
427,4732500
5450,4382500
519,371300
13423,7767000
519,368500
467,8667300
2093,2208500
367,3190500
480,6364200
446,5353900
11990,2926700
879,5528300
448,5502800
9888,7655000
1021,286200
878,3315600
418,4753200
5499,5219400
685,5232200
412,4913800
3575,1048000
1396,3858800
419,4856300
3080,1405200
560,1542100
2108,2280700
1598,2237800
1098,2756800
11173,8942000
1280,480700
868,3103000
4066,554000
2444,4644600
18302,2879400
1964,5476200
1741,6808000
953,5586800
390,3890500
11012,4146800
645,3923000
764,166500
500,7859900
364,3247800
629,3382100
1716,6088100
1550,1155800
1881,3816900
573,1898800
1183,4939200
375,3705600
314,1693800
575,2115600
648,4416000
2496,6216400
1528,352600
2550,740500
374,3363800
1586,1976600
387,3644300
1376,3102700
13845,5993900
327,2168900
2418,4233100
705,5386200
673,5462000
981,6305200
9799,5856600
1044,931500
321,1953400
1424,4568100
304,1470300
492,6841600
716,5667800
2521,6862300
296,1363100
861,2981200
337,2460200
367,3021100
504,7070500
597,2513300
437,5426900
863,3002300
562,1522600
10461,2973600
480,6572100
397,3887000
431,5214500
8166,2221400
326,1996000
546,1083000
1278,421500
764,164700
3748,5646900
7251,5154200
321,1814800
1941,7024900
457,6175300
585,2260100
566,1651900
2252,6163800
529,671400
7533,5621300
3406,3450200
1979,6075600
269,667100
2886,2893600
366,3363200
409,4154800
585,2152300
3806,7173700
2519,6905700
286,931800
462,5769600
465,5816200
6932,3133100
549,1307800
7356,7557300
2204,5285400
432,5929800
462,6348700
309,1537400
2534,7021300
662,4254400
812,1600400
259,181900
405,4171400
1632,3022000
654,4010000
821,1729900
311,1571000
337,2383400
10190,2272400
311,1706300
595,2560100
1725,5815600
942,5150700
319,1844000
2843,1668600
1232,6230400
3833,1101500
842,2577700
2499,9429900
3285,7061600
339,2402800
4074,800200
1209,5390300
1788,574500
1567,1958300
972,6449000
1431,4989500
715,5731200
6855,7801500
1947,4728000
1122,2933600
271,674400
376,4018000
285,944700
459,6721800
4678,3666700
1407,144404600
1076,1956600
687,5041900
3683,3958500
470,5995800
325,1952100
3625,2323300
808,1369600
343,2392900
264,317400
260,237800
1722,5971300
403,4118400
674,4986300
750,6644100
731,6244500
737,6416200
271,507800
376,3438300
6730,4287300
1965,5890200
4177,4512900
616,3164700
4637,2500600
366,3137500
276,645900
1010,7679500
2863,2475700
4628,2772200
1007,7163000
2983,5985300
3910,3852100
343,2787400
264,355200
4476,5359200
311,1739700
8531,5489400
5335,724400
1042,987700
686,5533300
4900,2732700
1505,6938300
3985,6194600
926,4886000
15977,9040500
344,2499700
3525,6692500
1216,5929800
15652,7222700
707,5914600
1993,10064100
12942,9208400
3368,2456700
725,6162400
1176,4993500
766,261300
1450,5087700
741,6570800
1960,5444000
781,645200
413,5068600
924,4459300
4927,3475100
603,2547700
508,75900
843,2226200
368,3215800
2704,5297200
632,3966800
555,1344200
406,4193700
1303,1107900
337,2302100
574,1842700
316,1894600
262,267000
2832,1380200
1172,4335400
361,2848800
1260,7287700
371,3231900
3951,4158100
1419,4397900
1168,4840000
1458,5458100
345,2474200
565,1627500
280,774400
435,5008000
6368,1376900
11965,2272100
3358,1923200
559,1519500
259,182400
1004,7290500
430,5041300
327,2277400
6643,2523200
805,1590300
1614,3268400
385,4572000
5396,2428600
5164,2840900
260,221300
292,1039200
633,3518200
1080,1908200
1921,4214000
344,2547500
412,4958300
585,2311000
5571,8353300
678,4895700
880,3659000
2056,922200
1509,7249400
402,4769200
3012,6854600
3472,5072900
740,6419500
17800,2825900
255,91300
2575,1306900
477,6466300
449,5819700
1229,7228700
706,5436600
401,4526000
959,5425100
273,556600
423,4513400
408,4515100
5492,5234800
331,2410800
10830,6072800
4366,1921600
2537,7131000
2409,3475200
1681,4814000
482,6932200
1201,5315000
281,769600
4472,4831700
4612,1738700
3032,7003600
802,1245400
3049,567100
800,1257000
535,933900
4445,4337900
1205,5330700
313,1748200
3936,4456100
1580,1887200
611,2821400
3280,7260800
1789,662700
406,4411600
330,2050400
369,3451900
9371,7480600
6517,5659600
954,5524300
1805,1030600
786,765600
367,5284900
479,5980000
385,3583700
1717,6366900
3923,3588600
1063,1450200
10254,4004500
962,5635100
2189,4576400
4770,6020000
13333,5370900
322,1965300
257,129000
3088,1494800
1020,249400
2201,4831600
685,5080500
286,1000300
1567,1583600
459,5870900
5420,4260600
1674,4735000
6124,1684400
290,1018500
5747,5190300
649,3870100
17359,5338100
1203,5064900
5517,5611900
1875,3310900
686,5086500
387,6661800
525,661000
422,4969100
3741,5735500
753,7219700
1144,4260000
1065,2195900
1204,6076600
939,5459500
682,4802900
335,2638600
450,6060300
637,3588200
898,4216600
9129,8694800
13319,5771800
288,1228200
2411,3688500
368,4151700
893,4396500
917,4697800
3214,5437400
11294,5185200
2034,421400
290,1155600
7703,3452100
2834,1718900
263,395300
2570,1936100
351,2657800
1463,5348000
1201,5387900
8055,6381600
4780,6598500
1645,3845400
436,5847100
10662,8273300
2081,1825300
505,7511300
3727,5940900
973,6529900
258,234500
1577,1822800
1751,7201400
925,5547600
437,5859900
1113,3082300
392,3959400
2618,3124500
436,5425800
2726,5982800
279,840300
6960,3704800
1278,391600
19156,5956400
1382,4364700
1977,7203300
487,7686100
2480,6212900
2106,2917900
341,2761500
1725,7361600
1893,4037000
340,2559300
662,5216500
424,5686500
1059,1407100
652,4395600
348,2984300
335,2695900
1498,7824300
298,1239100
265,374200
440,5333200
263,469400
276,982700
9378,8312000
8081,7084500
1618,3091600
451,5524100
634,4304700
872,3906600
1522,7771600
701,5763400
343,2819200
6183,3233200
6765,5566300
490,6932500
677,5163600
385,4198200
2431,5436400
446,5836200
6041,6224900
332,2741400
10814,6859800
873,3548300
286,1136400
1341,2319000
368,3979700
263,397700
5217,4988900
3316,1316400
3450,5621500
288,1176300
2385,3648500
343,2660300
309,1840700
522,474900
295,1264700
10447,2908000
5674,4281900
792,1211100
4621,2194200
8212,4049000
366,3133400
565,2041000
13740,51391000
407,4198500
304,1433400
411,4357500
328,2134700
1248,6475500
499,6664400
12578,5428100
372,3342600
1245,6799500
261,329300
598,2755900
674,5606300
18074,3980800
356,3294500
2414,4023400
1602,2638300
3838,1313800
2595,1838700
823,1861300
829,1925100
376,4258900
1302,1117100
275,625700
7432,2943800
773,542000
397,5042800
1910,4961200
359,3305900
387,3764000
1539,715200
260,244400
330,2070100
423,5397000
666,4746300
396,4183800
778,574100
293,1229500
733,6925000
481,7014300
7561,7069000
1461,5689000
426,4986000
740,7146600
262,285200
657,4170800
533,865200
862,3003700
4220,5129700
623,3421700
816,1619700
554,1704200
690,5268100
9385,8109600
765,206500
508,93600
437,5458100
304,1786400
1464,5935700
510,243900
474,7140800
667,4969200
12303,5047100
450,5508500
392,4103700
967,5851600
306,1605000
8153,1910800
4324,810800
7361,9334200
271,527900
2322,1553800
656,4754000
678,5476200
6693,3297400
378,3925200
643,3967800
3790,7922700
4710,4545000
4382,2512500
1472,5851300
574,2244700
3407,3362500
773,436800
1775,7917600
1605,2456100
3152,3283400
784,886100
295,1174500
268,458600
1811,1746100
18087,4133900
257,140800
406,4222200
459,6111200
7451,3330600
653,4389800
460,5699900
303,1406400
4881,2172600
696,5387300
492,6616600
358,3153100
14841,5737200
1484,6421300
14860,7048600
274,827100
10022,5391800
1198,5604300
331,2183000
13047,4681100
469,5898600
346,2773900
364,3398200
573,2087600
617,3188100
426,4991700
892,4522700
969,6573000
1143,3876500
12858,6130700
703,5714400
268,519600
486,6351400
2786,7313500
2873,2737100
355,4809600
10745,4063900
2304,820700
1551,1066600
1282,639700
1237,6513900
4913,3314500
1176,5184200
10261,4387200
1473,6075800
405,4358600
315,1877500
296,1536100
21414,5240100
296,1177700
1421,4389500
295,1433300
6880,1561900
685,4976000
4697,4090500
7000,5259600
5446,3885100
505,7159400
513,218400
412,4813000
4653,3059400
381,3756800
984,6533400
1446,5603400
2449,5122700
944,5818800
386,4450100
341,3224200
515,298000
315,1733600
727,7204500
2908,3758300
5987,5418100
643,4236400
303,1797600
379,4292600
365,3834500
373,3824200
409,4544600
3058,704300
1851,2273100
345,2604400
653,4933700
1646,3759000
564,1890300
1716,5634400
547,1230800
381,3756300
591,2484900
498,6625000
7274,6600400
5983,5109500
6377,1633600
257,200700
11828,5808000
372,4517000
1875,3313900
453,6596700
1985,6196300
2778,6948200
840,2340600
297,1374700
7082,8050500
1769,7767400
1085,2388900
289,1146300
2625,3258100
325,2039600
3148,3207900
7192,3259800
3815,753200
354,3077200
7781,5660900
281,1049000
414,4963600
1010,7875500
2052,1145500
284,938200
378,3630900
4568,8207200
1379,3457000
574,1891700
664,4793300
548,1339700
6053,6724300
279,761000
551,1355900
2338,1795100
8910,1669100
383,3814100
2733,7508200
2471,5885000
1203,5795500
7610,8024500
3103,2421000
7987,4628000
339,2320400
1520,7188400
894,4029800
424,4710700
1187,4761300
3113,2252600
9225,3557900
1554,1075600
324,1949000
575,1915800
320,1901600
1347,2254500
4559,7498200
1345,2445500
3407,3460700
13774,3305100
7121,1129900
258,174400
523,490100
612,3099300
2941,5563200
316,1932000
3083,1328800
11741,3087900
5133,2245800
2537,7298000
259,186900
1246,6272700
17358,4927100
6519,5617200
979,6079100
3023,6860700
759,6913200
283,876200
410,4285200
345,2615200
1143,3584800
1104,2899100
454,5528100
807,1345300
1676,5150500
748,6977300
3118,2389000
325,2032900
288,947600
1849,2288500
2858,2163000
796,1105000
278,694100
3018,6680300
505,7035500
6889,1748100
368,3110900
16322,4319100
1784,483400
634,3472000
872,3136900
5389,2144100
615,3157700
1512,8876300
359,2784800
341,2305000
321,1950800
1997,6818200
337,2355500
6607,1008800
497,6466600
532,926600
17037,3055000
338,2276600
327,2237400
1110,2938000
405,4236000
1054,1215300
713,5659800
1027,544600
466,5743000
5135,2551700
682,5502500
1132,3304700
360,2918400
719,6047300
3932,4415200
8938,3135800
6561,6969000
410,4462200
1615,2715800
1174,5011600
2553,704700
612,3032900
427,4661000
895,3799200
3550,7529500
924,4554400
854,2619000
810,1395400
337,2491800
3690,4225900
3889,2998900
844,2430300
330,2113000
1934,4515200
6917,2456200
399,4456200
2617,2336400
638,3469800
733,6453100
1724,5857600
873,3096500
436,5180900
272,679100
735,6216900
304,1413900
326,2971600
1935,4679200
2261,6730100
6185,3502400
334,2624100
274,686000
329,2390300
1223,5858800
3050,431900
987,6654600
1478,6048600
970,5798900
1566,1419500
506,42040800
562,1645100
269,451300
752,7017100
992,6329500
2098,2158200
5794,6672800
380,3500900
1081,1902900
2415,3868400
302,1401200
1032,655700
7440,3033400
992,7174100
4666,3155200
2770,6518800
954,5515100
14311,4422400
388,4124000
5302,7276400
1658,4024400
535,887100
1987,6488200
275,782100
627,3762200
12221,2350100
4654,2795700
947,5737800
427,4757200
327,2049300
2322,1255700
11047,5116100
3763,6148200
1543,696500
2948,4530700
265,338300
8030,5939000
303,1524300
3927,3643100
359,3126400
5452,4072300
8193,2871500
721,6026200
4487,5392800
17630,5412900
15437,7960500
13206,8623300
1840,2094400
9785,5174000
881,3475200
658,4242200
414,4556800
398,3913900
1016,173700
615,3050400
748,7645800
1752,6969300
7202,3661200
282,940000
385,3606200
1100,2399100
1160,4410500
285,943800
344,2480800
260,215700
1973,5613700
10984,3133800
1696,5145000
716,5680800
729,6511700
267,405400
1825,1714200
7269,5440100
2278,7673600
430,5677600
1756,6594800
1729,5807900
785,732500
850,2451500
7298,5984400
6124,1680800
691,5297500
8804,5705600
556,1347300
2175,4154200
613,3106800
816,1662600
768,318400
1104,2755000
972,5851900
4764,6119300
342,2373400
5006,6098200
319,1815300
1430,4897100
1541,908200
813,1554800
286,1124400
644,4126100
8864,9006100
1280,579200
331,2293100
2869,4225200
437,5565200
1618,2902100
7300,6071900
4069,711300
10980,3191500
3755,6335000
2131,2982800
449,5419000
10958,2748500
390,4108900
298,1408500
10822,6026400
971,6705800
551,1313900
840,2467900
10187,2370000
763,203400
1300,1205400
13031,6146200
435,8571700
1429,5786300
894,3932000
729,6308100
577,2105400
381,4007200
622,3205700
751,6855000
444,5680100
4487,6139900
3019,8266300
1571,1594000
501,8027500
7232,4457800
982,7136900
772,479200
461,6231800
2393,3781500
1332,1975200
3057,888300
349,3215700
3853,1770400
2916,3633900
254,48600
3590,1553600
272,516100
263,488000
421,5845300
371,3538200
15872,6470300
1025,955800
4847,1813700
286,1583700
3765,7674100
1342,2291100
1112,3221000
408,4541600
266,478600
668,5349500
1019,251400
305,1489700
349,2919200
254,48200
10552,5472600
5516,5863400
357,3358600
520,405600
342,2548900
1246,6438300
1788,590400
271,528700
1229,5869100
1736,6283700
6347,8029300
2473,5530400
850,2690500
382,3554800
5918,2930300
302,4163300
256,109400
2251,9548900
384,4036900
836,2330300
5586,7989500
1201,5355600
1138,3599800
1369,2821900
1107,2762900
1906,4140300
12887,7306300
459,6526600
4023,7050900
2917,5324500
1296,872600
685,5126900
2307,1003200
5916,3949800
911,4313400
1028,546600
12122,7409500
5881,2394100
2396,3671800
292,1253700
265,546500
556,1513600
259,257700
300,1267700
11939,1837700
485,6778000
4229,5597100
1051,1166300
1699,6945300
1290,757500
292,1271600
3768,6559300
771,377600
329,2593800
2245,7592100
911,4333600
1721,5639800
380,3789800
1312,1432700
1932,4468800
4725,5056800
334,2234800
733,6073800
267,417100
278,734600
351,2648600
354,2932700
1675,4215000
716,6094200
825,1929600
3302,503500
259,184000
2347,2274300
11157,7781300
268,466300
864,2800600
14121,6180600
1171,4367800
473,5954300
1329,1967800
3236,5799100
683,4995900
510,140900
756,7011600
7585,7325700
445,6003700
1692,5603500
570,1973700
1254,7020100
981,6454500
3583,1291100
2048,752500
613,2978300
569,1813600
312,1908000
1627,3846100
5291,6409700
319,1881100
440,5172900
8280,5173200
1232,5932300
2506,7933800
4013,8111800
639,4814100
691,5046100
2340,1941400
967,5602900
1603,2505600
7009,5211300
1114,2871600
2135,3004400
377,3614200
349,2957500
2453,5125100
2782,7545400
616,3167500
728,6610200
3765,6317400
766,239100
765,280000
17550,3000700
2712,4787200
342,2482700
319,1768900
535,763200
299,1375100
12827,4978000
1172,4666000
312,1639200
3694,4807300
338,2523900
991,6353500
9756,4078300
4763,6686400
459,6664900
3920,3865500
761,6937700
846,2478900
2618,2438200
259,207600
308,1438700
258,180800
1013,7033200
1807,1105000
930,5265700
2050,820500
8167,2106600
1322,1800200
456,5294700
1379,3025800
460,5899100
14411,6950200
4398,3144000
2128,2843000
423,4592200
4486,5020300
598,2558300
5983,5033700
326,2197700
976,6060600
326,1936700
262,255400
3041,7586600
546,1343600
1675,4455900
7756,4498600
7776,5567400
759,6865500
11176,1477100
1152,3813400
328,2186900
527,619600
591,2318900
1621,2807600
1826,1522000
660,4161900
1152,4513900
360,2888000
703,5238800
624,3232300
1741,6332200
337,2361700
354,2853600
2330,1535200
589,2323200
1143,3819000
1483,6231700
304,1484500
3975,5260200
349,38351200
1918,3949100
309,1522300
1362,2575000
318,1807700
529,657400
1472,5506400
421,4378100
1023,359700
747,6631500
1914,5814900
3215,5302500
1984,6003500
1642,3614800
962,5480700
664,4566700
2860,2215400
5592,904300
1970,5579400
1371,3082300
419,4595500
4991,5450300
573,2120700
3274,7641000
367,3604200
826,1973600
613,2853800
555,1520400
745,6606600
1333,1930700
695,5311000
882,3298200
633,4370200
2469,6364800
308,1508900
271,496600
895,3843000
653,4725000
597,2700400
1334,2049500
1822,1786700
906,4615700
542,1139200
2679,4441300
5225,5093300
734,7471700
1658,4367400
973,5979600
1820,1951300
1572,1816900
8271,5199400
1406,4096400
300,1525100
299,1303700
770,330100
743,6903900
2687,4657600
1096,2429000
426,5127400
1030,764200
763,141200
917,4645600
14863,5669700
312,1885200
399,4245200
262,291400
273,550300
1158,4554300
405,4285600
3689,4632600
1121,3420400
4536,6932200
2597,2338200
625,3327100
4759,5650400
6634,1767500
1122,3014200
6086,8210600
256,112800
725,6053400
411,4477100
780,636700
863,2801800
616,3109100
949,5423100
5336,842500
432,4847000
1642,3428600
571,2268400
5212,4140200
294,1241300
431,5273700
425,4898600
1072,1608900
293,1070900
3311,601100
4848,1515900
269,616800
298,1258400
4025,6354400
3027,7398500
442,5464300
1945,4563400
7511,4775500
1590,2050500
6582,7957500
291,1145800
323,1910600
361,2974100
9759,4424000
374,3323400
600,2474900
7461,3815600
2037,420700
487,7028100
493,6943500
356,2858400
918,4417700
520,407700
1386,3289500
453,5364100
1086,2097600
5432,3705700
6202,3671500
890,3795600
1540,682900
3752,5626900
628,3282200
420,4651800
308,1542300
3569,835300
276,618000
1923,3965000
384,3635500
302,1428900
637,3647600
1271,315400
19455,6809200
568,1747100
328,2087200
444,7985600
619,3072800
3925,3972600
553,1383000
616,3305500
7997,4264900
9076,6239300
469,5858700
1111,2783800
320,1834700
456,5540600
3534,7471900
1285,644300
449,5678700
5009,5946900
18220,7822500
9987,4439100
458,5623700
337,2495700
2650,3530100
1031,685900
261,234900
2109,2455200
395,4093200
936,4929000
2350,1991700
4014,6095100
1215,5648300
4024,7057700
255,153100
565,1835200
371,3383100
1137,3445800
855,2703800
12588,5752800
4183,3835200
1237,6806900
2944,4675900
886,3498100
373,3177500
329,2190000
1118,3419100
475,6697800
2394,4057300
488,7380000
1298,943000
900,3747900
2032,257900
898,4242400
623,3483100
491,7143200
6036,6550700
267,636100
437,5265600
2369,2631600
1085,1947100
1707,5210200
10637,7558000
5441,3927100
1044,902400
286,934300
2719,5253100
434,5043600
276,739100
434,5030300
649,4172100
821,1723800
1022,364000
2638,3102900
1157,4056600
269,518900
345,2479600
1350,2374000
870,3370100
462,6075200
1625,3199900
1005,6933400
431,4989000
1135,3399800
992,6426000
3478,5249700
3206,5120400
1633,3540700
462,6065400
785,953400
338,2872900
451,5857200
5862,1382900
472,5737000
277,718700
578,1931400
3592,1460000
3514,6263500
394,3979200
845,2398400
660,4392200
826,1807300
17983,8667900
420,5029100
388,3751800
15802,3599700
892,3886800
2236,6421500
12373,6497200
1437,4770500
319,2173400
606,2868500
504,6800100
270,498700
12892,7013100
1498,6212000
11896,7329500
1033,606200
876,3448800
1902,3528500
1674,4284700
8081,6476200
547,1388900
1246,6597900
1043,1208200
441,5825600
1503,7480000
1544,1060200
6174,3555500
6773,6791500
288,1191400
15071,4777600
2674,4096900
1050,1319000
3840,1394800
1024,397300
4339,1124700
1104,2458600
275,593400
286,975600
921,5351900
764,217100
3449,5236000
988,6757100
4813,7483000
5295,6864700
478,6555400
833,2019600
934,4827800
866,2899500
1586,1965800
268,471000
498,7532900
303,1688300
667,4452600
903,4086600
1653,3830100
337,2251000
6128,1715500
13922,7713200
5620,1534900
895,3985600
427,4717700
3449,4559000
5570,7203500
875,3291100
1437,4715700
276,634700
1668,4216000
710,5563600
899,3908200
1194,4906500
2899,3136000
822,2141700
9304,6758200
1715,5383600
754,6660300
2577,1333300
415,4401900
1985,5765500
6355,1012000
8943,2677900
837,2127800
436,5281800
3793,7220900
639,3840500
578,2111500
3338,1399800
385,3841400
909,4687500
1015,7006400
291,1053100
427,5321100
1247,6649500
832,2016700
1872,2924600
256,137900
6679,3097300
15128,5886000
806,1442700
390,4071000
908,4268400
609,3473200
316,2142600
400,5073400
552,2045600
283,894200
1005,7125400
604,3426800
334,2518700
612,3249800
283,936900
1540,680700
15980,9669000
8673,2173900
3909,3201400
2774,7350000
746,6702000
14295,3869100
421,39753900
1863,2814000
15369,5630800
672,4683900
681,4685400
285,876800
1720,5371800
4169,3626100
1197,5163600
900,4145400
532,874300
488,6810500
4292,7218200
763,198200
11991,3244700
337,2881600
907,4849000
2908,3525500
256,108300
14579,4808200
3161,3644800
2092,1945600
5520,5824700
13150,7278900
867,3362800
2086,1777000
908,4174400
309,1500100
1595,2182700
754,7119000
9146,1341400
749,6640100
455,6244600
1804,995900
2679,4315500
654,4420100
2699,4593300
381,3411400
2186,4834500
1222,5951900
558,1430500
1027,465800
651,3976600
304,1598600
430,5064300
1154,4096100
262,274000
698,5229700
261,341500
360,3181200
3126,2664500
3212,4973800
263,340300
16651,6123500
4294,7305900
335,2156800
1273,247300
325,2011800
859,3175600
11951,2160500
9689,2679400
277,777200
5786,9217000
268,566600
283,849500
1300,966000
766,340100
369,3451100
472,6482100
292,1195600
3304,576600
1017,234000
3591,1624700
1678,4729100
809,1438600
440,8218600
267,474500
5707,5071000
4180,4112300
2873,2809000
410,5393200
5130,2595800
958,6294600
666,4655600
2306,1029600
484,6989500
5567,7628400
382,3557300
7784,5556700
1891,3180500
352,2622900
369,3398200
337,2349500
795,1137800
2621,2476300
362,2880100
338,2397700
308,1528900
5808,8152600
337,2390400
316,1797300
1882,3129300
2501,6799400
305,1769900
824,2192200
1547,1104800
524,646500
6190,4122200
7336,8397400
13858,5713900
817,1626000
3968,5326700
15080,4736300
746,10369300
1208,5800100
9252,4130000
775,516900
2124,3319300
1210,5781300
357,2872900
5592,888400
394,3957300
2269,6971400
426,5086900
1790,535600
1746,6523800
319,1911500
266,460200
1416,4405300
439,5127200
1707,5388400
3716,4722900
14320,4503100
9005,4815900
425,4711400
751,6480400
1207,5580400
1985,6078700
987,6452900
493,6463700
675,4626000
403,4362500
1520,7142600
1907,3759800
10352,6876400
2066,1395200
2364,3653600
477,6234800
361,3291200
263,292700
432,4987200
419,4747400
414,4524200
297,1197500
552,1939900
584,2151100
374,3437800
2841,1938500
4064,579200
787,886800
3679,3837400
779,738300
834,2044900
488,6867600
2249,6502400
11661,8186000
2330,1675400
397,4014500
8028,5877700
610,4236100
377,4448200
3441,4495800
759,7619600
727,7171900
501,7629400
287,1041200
1124,3250700
1797,992000
4308,7662800
932,5348600
560,1644900
258,161500
5708,4094800
6917,2463800
264,324600
537,1102900
14687,7897300
931,4597400
1946,5641300
1161,4422100
3103,2111300
5270,6171200
3291,8629800
1217,6042100
766,306500
270,486500
771,337700
792,999500
492,6599000
3217,5467200
1031,541500
1508,6578700
1010,7158400
806,1483800
3316,853200
387,3723600
825,2123900
479,6539500
2320,1361500
1789,764000
1580,1897000
6219,4383300
311,1622600
284,839800
7962,5020000
860,3020500
2158,3905600
9754,4122000
994,6611200
2091,2053700
520,437300
362,3066400
349,2746700
459,5695900
740,6481700
9444,2671100
6429,2934800
517,444100
3321,1147600
19068,3392700
2607,2428600
3291,7263400
3107,2108500
422,4462400
793,945800
1365,2823100
4533,6409300
920,4908100
858,2664900
1147,3844900
754,8333000
796,1370500
1495,6403300
935,5358600
523,534900
345,2521000
11607,6171800
412,4320500
361,3525100
8194,2869200
5115,1657900
2469,5362000
795,1018800
958,5711300
7720,3706800
7200,3505800
943,5176700
721,5808300
2533,7556800
3745,5803600
2893,3113700
283,929900
3751,5677900
6005,5323800
531,728500
9845,9396700
1990,6353900
11452,2770700
330,2434500
1019,230900
302,1403400
315,1858000
865,3262500
314,1750000
1105,2589200
271,485300
325,2318000
312,1607200
268,408500
307,1454100
1073,1635600
932,5198700
1029,481500
